1, 0.000000
2, 0.100008
3, 0.200005
4, 0.300004
5, 0.400002
6, 0.500001
7, 0.599994
8, 0.699999
9, 0.800005
10, 0.899997
11, 0.999996
12, 1.099994
13, 1.199996
14, 1.299995
15, 1.399984
16, 1.499981
17, 1.599991
18, 1.699990
19, 1.799979
20, 1.899986
21, 1.999975
22, 2.099974
23, 2.199973
24, 2.299972
25, 2.399971
26, 2.499969
27, 2.599968
28, 2.699967
29, 2.799966
30, 2.899966
31, 2.999971
32, 3.099965
33, 3.199958
34, 3.299969
35, 3.399958
36, 3.499967
37, 3.599956
38, 3.699962
39, 3.799961
40, 3.899953
41, 3.999952
42, 4.099958
43, 4.199949
44, 4.299955
45, 4.399947
46, 4.499946
47, 4.599943
48, 4.699943
49, 4.799941
50, 4.899940
51, 4.999939
52, 5.099937
53, 5.199953
54, 5.299945
55, 5.399944
56, 5.499933
57, 5.599932
58, 5.699932
59, 5.799929
60, 5.899928
61, 5.999927
62, 6.099927
63, 6.199935
64, 6.299940
65, 6.399922
66, 6.499931
67, 6.599925
68, 6.699919
69, 6.799918
70, 6.899917
71, 6.999917
72, 7.099913
73, 7.199913
74, 7.299916
75, 7.399921
76, 7.499910
77, 7.599919
78, 7.699907
79, 7.799905
80, 7.899904
81, 7.999904
82, 8.099903
83, 8.199900
84, 8.299912
85, 8.399898
86, 8.499905
87, 8.599906
88, 8.699898
89, 8.799893
90, 8.899892
91, 8.999901
92, 9.099890
93, 9.199889
94, 9.299897
95, 9.399886
96, 9.499885
97, 9.599892
98, 9.699882
99, 9.799881
100, 9.899879
101, 9.999876
102, 10.099888
103, 10.199876
104, 10.299884
105, 10.399883
106, 10.499877
107, 10.599876
108, 10.699870
109, 10.799869
110, 10.899868
111, 10.999867
112, 11.099866
113, 11.199864
114, 11.299875
115, 11.399862
116, 11.499861
117, 11.599869
118, 11.699866
119, 11.799858
120, 11.899856
121, 11.999864
122, 12.099853
123, 12.199852
124, 12.299851
125, 12.399850
126, 12.499857
127, 12.599859
128, 12.699855
129, 12.799863
130, 12.899844
131, 12.999842
132, 13.099842
133, 13.199840
134, 13.299848
135, 13.399837
136, 13.499836
137, 13.599845
138, 13.699834
139, 13.799832
140, 13.899841
141, 13.999830
142, 14.099829
143, 14.199828
144, 14.299837
145, 14.399825
146, 14.499824
147, 14.599823
148, 14.699822
149, 14.799820
150, 14.899818
151, 14.999827
152, 15.099817
153, 15.199816
154, 15.299822
155, 15.399821
156, 15.499812
157, 15.599810
158, 15.699810
159, 15.799808
160, 15.899808
161, 15.999806
162, 16.099813
163, 16.199803
164, 16.299812
165, 16.399812
166, 16.499799
167, 16.599799
168, 16.699797
169, 16.799796
170, 16.899795
171, 16.999794
172, 17.099792
173, 17.199799
174, 17.299800
175, 17.399799
176, 17.499798
177, 17.599795
178, 17.699790
179, 17.799787
180, 17.899793
181, 17.999792
182, 18.099790
183, 18.199780
184, 18.299786
185, 18.399777
186, 18.499775
187, 18.599785
188, 18.699775
189, 18.799773
190, 18.899770
191, 18.999769
192, 19.099768
193, 19.199767
194, 19.299776
195, 19.399782
196, 19.499774
197, 19.599773
198, 19.699771
199, 19.799771
200, 19.899769
201, 19.999767
202, 20.099766
203, 20.199755
204, 20.299754
205, 20.399753
206, 20.499760
207, 20.599751
208, 20.699750
209, 20.799748
210, 20.899747
211, 20.999745
212, 21.099744
213, 21.199743
214, 21.299752
215, 21.399751
216, 21.499751
217, 21.599756
218, 21.699748
219, 21.799736
220, 21.899734
221, 21.999733
222, 22.099732
223, 22.199731
224, 22.299731
225, 22.399729
226, 22.499729
227, 22.599726
228, 22.699735
229, 22.799724
230, 22.899723
231, 22.999722
232, 23.099721
233, 23.199719
234, 23.299727
235, 23.399726
236, 23.499716
237, 23.599714
238, 23.699723
239, 23.799712
240, 23.899711
241, 23.999709
242, 24.099709
243, 24.199716
244, 24.299705
245, 24.399705
246, 24.499704
247, 24.599712
248, 24.699702
249, 24.799708
250, 24.899700
251, 24.999698
252, 25.099696
253, 25.199696
254, 25.299701
255, 25.399692
256, 25.499693
257, 25.599690
258, 25.699689
259, 25.799688
260, 25.899696
261, 25.999685
262, 26.099694
263, 26.199694
264, 26.299682
265, 26.399681
266, 26.499679
267, 26.599679
268, 26.699688
269, 26.799677
270, 26.899685
271, 26.999691
272, 27.099673
273, 27.199670
274, 27.299677
275, 27.399668
276, 27.499668
277, 27.599676
278, 27.699665
279, 27.799663
280, 27.899662
281, 27.999662
282, 28.099669
283, 28.199669
284, 28.299648
285, 28.399656
286, 28.499655
287, 28.599655
288, 28.699653
289, 28.799651
290, 28.899650
291, 28.999649
292, 29.099648
293, 29.199655
294, 29.299655
295, 29.399653
296, 29.499644
297, 29.599643
298, 29.699641
299, 29.799639
300, 29.899639
301, 29.999638
302, 30.099637
303, 30.199634
304, 30.299642
305, 30.399632
306, 30.499631
307, 30.599635
308, 30.699630
309, 30.799628
310, 30.899627
311, 30.999625
312, 31.099625
313, 31.199623
314, 31.299622
315, 31.399638
316, 31.499619
317, 31.599628
318, 31.699617
319, 31.799616
320, 31.899615
321, 31.999614
322, 32.099613
323, 32.199611
324, 32.299610
325, 32.399611
326, 32.499618
327, 32.599603
328, 32.699607
329, 32.799604
330, 32.899609
331, 32.999602
332, 33.099600
333, 33.199600
334, 33.299598
335, 33.399597
336, 33.499595
337, 33.599603
338, 33.699592
339, 33.799591
340, 33.899590
341, 33.999589
342, 34.099588
343, 34.199587
344, 34.299585
345, 34.399585
346, 34.499583
347, 34.599582
348, 34.699581
349, 34.799580
350, 34.899579
351, 34.999578
352, 35.099581
353, 35.199577
354, 35.299578
355, 35.399570
356, 35.499576
357, 35.599574
358, 35.699587
359, 35.799577
360, 35.899576
361, 35.999575
362, 36.099572
363, 36.199572
364, 36.299573
365, 36.399570
366, 36.499569
367, 36.599558
368, 36.699557
369, 36.799563
370, 36.899554
371, 36.999553
372, 37.099552
373, 37.199559
374, 37.299558
375, 37.399550
376, 37.499557
377, 37.599551
378, 37.699554
379, 37.799554
380, 37.899558
381, 37.999551
382, 38.099551
383, 38.199549
384, 38.299547
385, 38.399541
386, 38.499546
387, 38.599533
388, 38.699542
389, 38.799531
390, 38.899530
391, 38.999538
392, 39.099528
393, 39.199526
394, 39.299525
395, 39.399531
396, 39.499523
397, 39.599522
398, 39.699521
399, 39.799519
400, 39.899518
401, 39.999517
402, 40.099524
403, 40.199514
404, 40.299523
405, 40.399512
406, 40.499511
407, 40.599510
408, 40.699513
409, 40.799507
410, 40.899506
411, 40.999504
412, 41.099503
413, 41.199511
414, 41.299502
415, 41.399505
416, 41.499503
417, 41.599503
418, 41.699500
419, 41.799500
420, 41.899499
421, 41.999496
422, 42.099501
423, 42.199500
424, 42.299498
425, 42.399498
426, 42.499497
427, 42.599486
428, 42.699493
429, 42.799483
430, 42.899482
431, 42.999481
432, 43.099480
433, 43.199479
434, 43.299477
435, 43.399483
436, 43.499475
437, 43.599474
438, 43.699473
439, 43.799472
440, 43.899471
441, 43.999470
442, 44.099467
443, 44.199467
444, 44.299466
445, 44.399473
446, 44.499463
447, 44.599462
448, 44.699470
449, 44.799459
450, 44.899459
451, 44.999457
452, 45.099455
453, 45.199454
454, 45.299453
455, 45.399462
456, 45.499468
457, 45.599450
458, 45.699449
459, 45.799447
460, 45.899446
461, 45.999445
462, 46.099444
463, 46.199443
464, 46.299440
465, 46.399441
466, 46.499438
467, 46.599446
468, 46.699412
469, 46.799445
470, 46.899435
471, 46.999432
472, 47.099432
473, 47.199431
474, 47.299430
475, 47.399438
476, 47.499436
477, 47.599431
478, 47.699433
479, 47.799423
480, 47.899422
481, 47.999421
482, 48.099420
483, 48.199418
484, 48.299417
485, 48.399426
486, 48.499425
487, 48.599418
488, 48.699412
489, 48.799411
490, 48.899421
491, 48.999418
492, 49.099408
493, 49.199407
494, 49.299404
495, 49.399395
496, 49.499403
497, 49.599402
498, 49.699411
499, 49.799408
500, 49.899404
501, 49.999405
502, 50.099403
503, 50.199394
504, 50.299393
505, 50.399392
506, 50.499391
507, 50.599390
508, 50.699389
509, 50.799387
510, 50.899404
511, 50.999396
512, 51.099383
513, 51.199382
514, 51.299381
515, 51.399380
516, 51.499388
517, 51.599377
518, 51.699376
519, 51.799376
520, 51.899385
521, 51.999391
522, 52.099372
523, 52.199370
524, 52.299370
525, 52.399367
526, 52.499367
527, 52.599366
528, 52.699373
529, 52.799367
530, 52.899359
531, 52.999352
532, 53.099374
533, 53.199362
534, 53.299361
535, 53.399360
536, 53.499353
537, 53.599358
538, 53.699350
539, 53.799348
540, 53.899354
541, 53.999353
542, 54.099352
543, 54.199348
544, 54.299349
545, 54.399340
546, 54.499346
547, 54.599338
548, 54.699340
549, 54.799339
550, 54.899349
551, 54.999336
552, 55.099335
553, 55.199335
554, 55.299341
555, 55.399332
556, 55.499330
557, 55.599330
558, 55.699339
559, 55.799327
560, 55.899325
561, 55.999325
562, 56.099325
563, 56.199322
564, 56.299321
565, 56.399337
566, 56.499318
567, 56.599327
568, 56.699317
569, 56.799314
570, 56.899313
571, 56.999313
572, 57.099312
573, 57.199310
574, 57.299309
575, 57.399319
576, 57.499315
577, 57.599315
578, 57.699315
579, 57.799303
580, 57.899312
581, 57.999301
582, 58.099300
583, 58.199298
584, 58.299297
585, 58.399296
586, 58.499295
587, 58.599301
588, 58.699294
589, 58.799290
590, 58.899289
591, 58.999289
592, 59.099287
593, 59.199285
594, 59.299284
595, 59.399284
596, 59.499287
597, 59.599282
598, 59.699289
599, 59.799280
600, 59.899278
601, 59.999276
602, 60.099276
603, 60.199274
604, 60.299273
605, 60.399282
606, 60.499274
607, 60.599266
608, 60.699270
609, 60.799267
610, 60.899266
611, 60.999265
612, 61.099264
613, 61.199262
614, 61.299260
615, 61.399270
616, 61.499263
617, 61.599262
618, 61.699256
619, 61.799263
620, 61.899253
621, 61.999252
622, 62.099251
623, 62.199251
624, 62.299249
625, 62.399248
626, 62.499247
627, 62.599245
628, 62.699235
629, 62.799242
630, 62.899249
631, 62.999241
632, 63.099239
633, 63.199238
634, 63.299237
635, 63.399236
636, 63.499240
637, 63.599237
638, 63.699236
639, 63.799235
640, 63.899234
641, 63.999239
642, 64.099231
643, 64.199226
644, 64.299226
645, 64.399224
646, 64.499223
647, 64.599222
648, 64.699220
649, 64.799218
650, 64.899218
651, 64.999216
652, 65.099223
653, 65.199215
654, 65.299221
655, 65.399219
656, 65.499203
657, 65.599219
658, 65.699218
659, 65.799218
660, 65.899205
661, 65.999206
662, 66.099203
663, 66.199211
664, 66.299201
665, 66.399200
666, 66.499198
667, 66.599208
668, 66.699207
669, 66.799195
670, 66.899194
671, 66.999193
672, 67.099191
673, 67.199190
674, 67.299200
675, 67.399188
676, 67.499197
677, 67.599189
678, 67.699185
679, 67.799182
680, 67.899182
681, 67.999181
682, 68.099180
683, 68.199179
684, 68.299176
685, 68.399184
686, 68.499174
687, 68.599172
688, 68.699173
689, 68.799170
690, 68.899169
691, 68.999168
692, 69.099167
693, 69.199166
694, 69.299165
695, 69.399164
696, 69.499180
697, 69.599161
698, 69.699160
699, 69.799159
700, 69.899158
701, 69.999157
702, 70.099156
703, 70.199154
704, 70.299154
705, 70.399153
706, 70.499150
707, 70.599158
708, 70.699149
709, 70.799148
710, 70.899147
711, 70.999146
712, 71.099151
713, 71.199143
714, 71.299142
715, 71.399141
716, 71.499137
717, 71.599148
718, 71.699153
719, 71.799145
720, 71.899144
721, 71.999138
722, 72.099134
723, 72.199131
724, 72.299130
725, 72.399128
726, 72.499127
727, 72.599136
728, 72.699135
729, 72.799124
730, 72.899124
731, 72.999131
732, 73.099127
733, 73.199119
734, 73.299118
735, 73.399117
736, 73.499116
737, 73.599124
738, 73.699124
739, 73.799129
740, 73.899120
741, 73.999114
742, 74.099118
743, 74.199118
744, 74.299106
745, 74.399106
746, 74.499103
747, 74.599102
748, 74.699102
749, 74.799100
750, 74.899107
751, 74.999109
752, 75.099097
753, 75.199095
754, 75.299095
755, 75.399094
756, 75.499094
757, 75.599094
758, 75.699091
759, 75.799089
760, 75.899088
761, 75.999097
762, 76.099085
763, 76.199084
764, 76.299084
765, 76.399081
766, 76.499080
767, 76.599089
768, 76.699078
769, 76.799077
770, 76.899076
771, 76.999075
772, 77.099081
773, 77.199072
774, 77.299071
775, 77.399070
776, 77.499068
777, 77.599078
778, 77.699077
779, 77.799075
780, 77.899074
781, 77.999072
782, 78.099071
783, 78.199077
784, 78.299060
785, 78.399059
786, 78.499056
787, 78.599066
788, 78.699065
789, 78.799053
790, 78.899052
791, 78.999051
792, 79.099050
793, 79.199049
794, 79.299057
795, 79.399046
796, 79.499045
797, 79.599046
798, 79.699035
799, 79.799039
800, 79.899037
801, 79.999035
802, 80.099034
803, 80.199048
804, 80.299036
805, 80.399043
806, 80.499034
807, 80.599033
808, 80.699031
809, 80.799030
810, 80.899030
811, 80.999028
812, 81.099028
813, 81.199036
814, 81.299025
815, 81.399024
816, 81.499023
817, 81.599030
818, 81.699019
819, 81.799018
820, 81.899017
821, 81.999017
822, 82.099015
823, 82.199024
824, 82.299014
825, 82.399012
826, 82.499018
827, 82.599009
828, 82.699008
829, 82.799007
830, 82.899006
831, 82.999005
832, 83.099004
833, 83.199013
834, 83.299001
835, 83.399000
836, 83.498999
837, 83.599012
838, 83.699005
839, 83.799004
840, 83.898993
841, 83.998994
842, 84.098993
843, 84.198991
844, 84.298990
845, 84.398988
846, 84.498987
847, 84.598991
848, 84.698996
849, 84.798983
850, 84.898987
851, 84.998986
852, 85.098981
853, 85.198979
854, 85.298978
855, 85.398988
856, 85.498975
857, 85.598979
858, 85.698974
859, 85.798981
860, 85.898971
861, 85.998970
862, 86.098968
863, 86.198967
864, 86.298966
865, 86.398965
866, 86.498963
867, 86.598963
868, 86.698963
869, 86.798960
870, 86.898968
871, 86.998958
872, 87.098956
873, 87.198956
874, 87.298954
875, 87.398953
876, 87.498952
877, 87.598953
878, 87.698949
879, 87.798948
880, 87.898948
881, 87.998955
882, 88.098944
883, 88.198943
884, 88.298943
885, 88.398942
886, 88.498939
887, 88.598940
888, 88.698938
889, 88.798936
890, 88.898934
891, 88.998934
892, 89.098941
893, 89.198931
894, 89.298930
895, 89.398929
896, 89.498928
897, 89.598937
898, 89.698936
899, 89.798935
900, 89.898932
901, 89.998922
902, 90.098920
903, 90.198928
904, 90.298929
905, 90.398917
906, 90.498916
907, 90.598925
908, 90.698924
909, 90.798913
910, 90.898911
911, 90.998911
912, 91.098908
913, 91.198908
914, 91.298923
915, 91.398905
916, 91.498905
917, 91.598912
918, 91.698911
919, 91.798900
920, 91.898899
921, 91.998898
922, 92.098896
923, 92.198896
924, 92.298895
925, 92.398901
926, 92.498892
927, 92.598891
928, 92.698890
929, 92.798889
930, 92.898887
931, 92.998886
932, 93.098885
933, 93.198884
934, 93.298882
935, 93.398882
936, 93.498880
937, 93.598888
938, 93.698887
939, 93.798886
940, 93.898876
941, 93.998875
942, 94.098872
943, 94.198872
944, 94.298871
945, 94.398870
946, 94.498876
947, 94.598868
948, 94.698867
949, 94.798864
950, 94.898862
951, 94.998863
952, 95.098870
953, 95.198860
954, 95.298859
955, 95.398858
956, 95.498856
957, 95.598863
958, 95.698853
959, 95.798853
960, 95.898852
961, 95.998850
962, 96.098846
963, 96.198848
964, 96.298847
965, 96.398846
966, 96.498844
967, 96.598854
968, 96.698861
969, 96.798841
970, 96.898840
971, 96.998838
972, 97.098838
973, 97.198837
974, 97.298835
975, 97.398833
976, 97.498832
977, 97.598831
978, 97.698837
979, 97.798843
980, 97.898836
981, 97.998833
982, 98.098832
983, 98.198831
984, 98.298823
985, 98.398823
986, 98.498820
987, 98.598819
988, 98.698818
989, 98.798817
990, 98.898815
991, 98.998824
992, 99.098814
993, 99.198813
994, 99.298810
995, 99.398810
996, 99.498809
997, 99.598808
998, 99.698810
999, 99.798806
1000, 99.898813
1001, 99.998802
1002, 100.098801
1003, 100.198800
1004, 100.298804
1005, 100.398798
1006, 100.498797
1007, 100.598795
1008, 100.698795
1009, 100.798793
1010, 100.898792
1011, 100.998799
1012, 101.098789
1013, 101.198789
1014, 101.298786
1015, 101.398786
1016, 101.498784
1017, 101.598783
1018, 101.698784
1019, 101.798784
1020, 101.898780
1021, 101.998779
1022, 102.098785
1023, 102.198777
1024, 102.298775
1025, 102.398773
1026, 102.498772
1027, 102.598781
1028, 102.698780
1029, 102.798768
1030, 102.898768
1031, 102.998766
1032, 103.098766
1033, 103.198773
1034, 103.298763
1035, 103.398761
1036, 103.498762
1037, 103.598759
1038, 103.698762
1039, 103.798762
1040, 103.898759
1041, 103.998759
1042, 104.098756
1043, 104.198752
1044, 104.298760
1045, 104.398750
1046, 104.498748
1047, 104.598747
1048, 104.698746
1049, 104.798746
1050, 104.898743
1051, 104.998742
1052, 105.098742
1053, 105.198740
1054, 105.298739
1055, 105.398746
1056, 105.498737
1057, 105.598735
1058, 105.698738
1059, 105.798739
1060, 105.898736
1061, 105.998735
1062, 106.098734
1063, 106.198733
1064, 106.298727
1065, 106.398726
1066, 106.498733
1067, 106.598723
1068, 106.698732
1069, 106.798721
1070, 106.898719
1071, 106.998719
1072, 107.098718
1073, 107.198716
1074, 107.298715
1075, 107.398714
1076, 107.498713
1077, 107.598720
1078, 107.698714
1079, 107.798715
1080, 107.898712
1081, 107.998711
1082, 108.098709
1083, 108.198704
1084, 108.298704
1085, 108.398701
1086, 108.498701
1087, 108.598709
1088, 108.698716
1089, 108.798697
1090, 108.898695
1091, 108.998694
1092, 109.098693
1093, 109.198692
1094, 109.298691
1095, 109.398690
1096, 109.498688
1097, 109.598688
1098, 109.698696
1099, 109.798702
1100, 109.898694
1101, 109.998693
1102, 110.098692
1103, 110.198690
1104, 110.298679
1105, 110.398679
1106, 110.498676
1107, 110.598675
1108, 110.698675
1109, 110.798673
1110, 110.898672
1111, 110.998671
1112, 111.098670
1113, 111.198669
1114, 111.298667
1115, 111.398666
1116, 111.498665
1117, 111.598664
1118, 111.698672
1119, 111.798672
1120, 111.898678
1121, 111.998669
1122, 112.098669
1123, 112.198656
1124, 112.298655
1125, 112.398655
1126, 112.498652
1127, 112.598652
1128, 112.698648
1129, 112.798649
1130, 112.898647
1131, 112.998655
1132, 113.098646
1133, 113.198644
1134, 113.298643
1135, 113.398643
1136, 113.498641
1137, 113.598640
1138, 113.698649
1139, 113.798638
1140, 113.898636
1141, 113.998635
1142, 114.098642
1143, 114.198633
1144, 114.298632
1145, 114.398630
1146, 114.498628
1147, 114.598628
1148, 114.698628
1149, 114.798625
1150, 114.898633
1151, 114.998624
1152, 115.098621
1153, 115.198630
1154, 115.298620
1155, 115.398618
1156, 115.498617
1157, 115.598616
1158, 115.698614
1159, 115.798624
1160, 115.898623
1161, 115.998621
1162, 116.098620
1163, 116.198619
1164, 116.298617
1165, 116.398606
1166, 116.498605
1167, 116.598605
1168, 116.698603
1169, 116.798602
1170, 116.898600
1171, 116.998600
1172, 117.098599
1173, 117.198598
1174, 117.298596
1175, 117.398603
1176, 117.498594
1177, 117.598603
1178, 117.698588
1179, 117.798601
1180, 117.898599
1181, 117.998598
1182, 118.098595
1183, 118.198595
1184, 118.298584
1185, 118.398584
1186, 118.498590
1187, 118.598581
1188, 118.698579
1189, 118.798578
1190, 118.898577
1191, 118.998577
1192, 119.098576
1193, 119.198574
1194, 119.298572
1195, 119.398571
1196, 119.498581
1197, 119.598577
1198, 119.698567
1199, 119.798573
1200, 119.898573
1201, 119.998572
1202, 120.098570
1203, 120.198569
1204, 120.298562
1205, 120.398560
1206, 120.498558
1207, 120.598558
1208, 120.698573
1209, 120.798560
1210, 120.898552
1211, 120.998552
1212, 121.098551
1213, 121.198550
1214, 121.298548
1215, 121.398547
1216, 121.498557
1217, 121.598546
1218, 121.698554
1219, 121.798554
1220, 121.898542
1221, 121.998541
1222, 122.098540
1223, 122.198538
1224, 122.298537
1225, 122.398536
1226, 122.498534
1227, 122.598534
1228, 122.698540
1229, 122.798541
1230, 122.898529
1231, 122.998528
1232, 123.098528
1233, 123.198526
1234, 123.298525
1235, 123.398523
1236, 123.498532
1237, 123.598521
1238, 123.698530
1239, 123.798525
1240, 123.898528
1241, 123.998517
1242, 124.098515
1243, 124.198514
1244, 124.298513
1245, 124.398512
1246, 124.498510
1247, 124.598519
1248, 124.698508
1249, 124.798507
1250, 124.898505
1251, 124.998514
1252, 125.098504
1253, 125.198502
1254, 125.298500
1255, 125.398500
1256, 125.498499
1257, 125.598499
1258, 125.698496
1259, 125.798507
1260, 125.898494
1261, 125.998493
1262, 126.098499
1263, 126.198490
1264, 126.298489
1265, 126.398489
1266, 126.498486
1267, 126.598486
1268, 126.698485
1269, 126.798483
1270, 126.898481
1271, 126.998481
1272, 127.098480
1273, 127.198487
1274, 127.298476
1275, 127.398476
1276, 127.498475
1277, 127.598475
1278, 127.698469
1279, 127.798481
1280, 127.898470
1281, 127.998469
1282, 128.098467
1283, 128.198467
1284, 128.298473
1285, 128.398473
1286, 128.498473
1287, 128.598472
1288, 128.698461
1289, 128.798460
1290, 128.898458
1291, 128.998457
1292, 129.098456
1293, 129.198454
1294, 129.298452
1295, 129.398461
1296, 129.498450
1297, 129.598449
1298, 129.698448
1299, 129.798457
1300, 129.898456
1301, 129.998455
1302, 130.098443
1303, 130.198444
1304, 130.298441
1305, 130.398440
1306, 130.498446
1307, 130.598437
1308, 130.698437
1309, 130.798435
1310, 130.898443
1311, 130.998443
1312, 131.098432
1313, 131.198431
1314, 131.298428
1315, 131.398428
1316, 131.498428
1317, 131.598434
1318, 131.698423
1319, 131.798428
1320, 131.898419
1321, 131.998418
1322, 132.098418
1323, 132.198418
1324, 132.298417
1325, 132.398416
1326, 132.498414
1327, 132.598414
1328, 132.698418
1329, 132.798412
1330, 132.898419
1331, 132.998419
1332, 133.098408
1333, 133.198406
1334, 133.298404
1335, 133.398404
1336, 133.498403
1337, 133.598402
1338, 133.698400
1339, 133.798417
1340, 133.898398
1341, 133.998397
1342, 134.098395
1343, 134.198395
1344, 134.298393
1345, 134.398393
1346, 134.498391
1347, 134.598389
1348, 134.698388
1349, 134.798387
1350, 134.898385
1351, 134.998385
1352, 135.098384
1353, 135.198382
1354, 135.298380
1355, 135.398380
1356, 135.498379
1357, 135.598388
1358, 135.698387
1359, 135.798376
1360, 135.898391
1361, 135.998383
1362, 136.098381
1363, 136.198381
1364, 136.298370
1365, 136.398368
1366, 136.498367
1367, 136.598366
1368, 136.698365
1369, 136.798363
1370, 136.898362
1371, 136.998370
1372, 137.098361
1373, 137.198358
1374, 137.298356
1375, 137.398357
1376, 137.498355
1377, 137.598355
1378, 137.698355
1379, 137.798361
1380, 137.898350
1381, 137.998359
1382, 138.098356
1383, 138.198346
1384, 138.298345
1385, 138.398344
1386, 138.498342
1387, 138.598352
1388, 138.698351
1389, 138.798339
1390, 138.898348
1391, 138.998337
1392, 139.098336
1393, 139.198343
1394, 139.298333
1395, 139.398333
1396, 139.498331
1397, 139.598330
1398, 139.698329
1399, 139.798326
1400, 139.898336
1401, 139.998325
1402, 140.098323
1403, 140.198322
1404, 140.298330
1405, 140.398320
1406, 140.498318
1407, 140.598318
1408, 140.698317
1409, 140.798316
1410, 140.898319
1411, 140.998313
1412, 141.098312
1413, 141.198311
1414, 141.298310
1415, 141.398317
1416, 141.498316
1417, 141.598316
1418, 141.698315
1419, 141.798315
1420, 141.898309
1421, 141.998309
1422, 142.098307
1423, 142.198299
1424, 142.298298
1425, 142.398297
1426, 142.498303
1427, 142.598293
1428, 142.698293
1429, 142.798292
1430, 142.898301
1431, 142.998289
1432, 143.098289
1433, 143.198288
1434, 143.298285
1435, 143.398284
1436, 143.498283
1437, 143.598294
1438, 143.698281
1439, 143.798280
1440, 143.898287
1441, 143.998278
1442, 144.098276
1443, 144.198285
1444, 144.298274
1445, 144.398273
1446, 144.498272
1447, 144.598288
1448, 144.698280
1449, 144.798269
1450, 144.898277
1451, 144.998228
1452, 145.098265
1453, 145.198263
1454, 145.298261
1455, 145.398261
1456, 145.498260
1457, 145.598268
1458, 145.698266
1459, 145.798256
1460, 145.898262
1461, 145.998260
1462, 146.098252
1463, 146.198252
1464, 146.298250
1465, 146.398249
1466, 146.498247
1467, 146.598246
1468, 146.698245
1469, 146.798252
1470, 146.898243
1471, 146.998242
1472, 147.098241
1473, 147.198239
1474, 147.298238
1475, 147.398237
1476, 147.498236
1477, 147.598244
1478, 147.698234
1479, 147.798233
1480, 147.898248
1481, 147.998230
1482, 148.098229
1483, 148.198228
1484, 148.298228
1485, 148.398226
1486, 148.498224
1487, 148.598232
1488, 148.698222
1489, 148.798222
1490, 148.898218
1491, 148.998218
1492, 149.098217
1493, 149.198217
1494, 149.298214
1495, 149.398213
1496, 149.498213
1497, 149.598223
1498, 149.698209
1499, 149.798209
1500, 149.898218
1501, 149.998221
1502, 150.098215
1503, 150.198215
1504, 150.298203
1505, 150.398202
1506, 150.498201
1507, 150.598210
1508, 150.698208
1509, 150.798198
1510, 150.898197
1511, 150.998196
1512, 151.098203
1513, 151.198193
1514, 151.298194
1515, 151.398191
1516, 151.498189
1517, 151.598198
1518, 151.698187
1519, 151.798187
1520, 151.898195
1521, 151.998191
1522, 152.098190
1523, 152.198195
1524, 152.298180
1525, 152.398190
1526, 152.498177
1527, 152.598177
1528, 152.698185
1529, 152.798184
1530, 152.898183
1531, 152.998182
1532, 153.098181
1533, 153.198180
1534, 153.298179
1535, 153.398173
1536, 153.498172
1537, 153.598175
1538, 153.698173
1539, 153.798172
1540, 153.898167
1541, 153.998170
1542, 154.098169
1543, 154.198168
1544, 154.298166
1545, 154.398173
1546, 154.498163
1547, 154.598163
1548, 154.698162
1549, 154.798161
1550, 154.898154
1551, 154.998168
1552, 155.098157
1553, 155.198159
1554, 155.298156
1555, 155.398155
1556, 155.498161
1557, 155.598152
1558, 155.698152
1559, 155.798148
1560, 155.898143
1561, 155.998148
1562, 156.098145
1563, 156.198145
1564, 156.298143
1565, 156.398142
1566, 156.498141
1567, 156.598140
1568, 156.698133
1569, 156.798124
1570, 156.898136
1571, 156.998124
1572, 157.098124
1573, 157.198123
1574, 157.298121
1575, 157.398120
1576, 157.498118
1577, 157.598127
1578, 157.698125
1579, 157.798115
1580, 157.898125
1581, 157.998114
1582, 158.098111
1583, 158.198111
1584, 158.298109
1585, 158.398109
1586, 158.498107
1587, 158.598107
1588, 158.698104
1589, 158.798108
1590, 158.898093
1591, 158.998101
1592, 159.098100
1593, 159.198099
1594, 159.298097
1595, 159.398104
1596, 159.498093
1597, 159.598094
1598, 159.698100
1599, 159.798092
1600, 159.898106
1601, 159.998089
1602, 160.098088
1603, 160.198084
1604, 160.298085
1605, 160.398084
1606, 160.498082
1607, 160.598080
1608, 160.698089
1609, 160.798081
1610, 160.898075
1611, 160.998082
1612, 161.098086
1613, 161.198085
1614, 161.298070
1615, 161.398071
1616, 161.498069
1617, 161.598071
1618, 161.698079
1619, 161.798075
1620, 161.898074
1621, 161.998076
1622, 162.098069
1623, 162.198065
1624, 162.298070
1625, 162.398068
1626, 162.498069
1627, 162.598063
1628, 162.698065
1629, 162.798063
1630, 162.898062
1631, 162.998065
1632, 163.098061
1633, 163.198054
1634, 163.298045
1635, 163.398049
1636, 163.498058
1637, 163.598046
1638, 163.698046
1639, 163.798044
1640, 163.898043
1641, 163.998040
1642, 164.098040
1643, 164.198047
1644, 164.298038
1645, 164.398037
1646, 164.498035
1647, 164.598042
1648, 164.698034
1649, 164.798033
1650, 164.898030
1651, 164.998030
1652, 165.098031
1653, 165.198025
1654, 165.298034
1655, 165.398025
1656, 165.498025
1657, 165.598024
1658, 165.698021
1659, 165.798031
1660, 165.898029
1661, 165.998023
1662, 166.098026
1663, 166.198017
1664, 166.298015
1665, 166.398024
1666, 166.498013
1667, 166.598011
1668, 166.698010
1669, 166.798009
1670, 166.898009
1671, 166.998007
1672, 167.098006
1673, 167.198005
1674, 167.298004
1675, 167.398002
1676, 167.498009
1677, 167.598010
1678, 167.698000
1679, 167.797998
1680, 167.897997
1681, 167.998004
1682, 168.098004
1683, 168.198003
1684, 168.297992
1685, 168.397991
1686, 168.497989
1687, 168.598006
1688, 168.697997
1689, 168.797985
1690, 168.897985
1691, 168.997993
1692, 169.097982
1693, 169.197981
1694, 169.297979
1695, 169.397980
1696, 169.497977
1697, 169.597976
1698, 169.697984
1699, 169.797974
1700, 169.897973
1701, 169.997981
1702, 170.097971
1703, 170.197969
1704, 170.297968
1705, 170.397967
1706, 170.497965
1707, 170.597965
1708, 170.697964
1709, 170.797971
1710, 170.897960
1711, 170.997970
1712, 171.097969
1713, 171.197967
1714, 171.297957
1715, 171.397955
1716, 171.497955
1717, 171.597954
1718, 171.697961
1719, 171.797962
1720, 171.897968
1721, 171.997954
1722, 172.097952
1723, 172.197956
1724, 172.297955
1725, 172.397954
1726, 172.497952
1727, 172.597942
1728, 172.697947
1729, 172.797939
1730, 172.897937
1731, 172.997937
1732, 173.097936
1733, 173.197935
1734, 173.297933
1735, 173.397932
1736, 173.497931
1737, 173.597930
1738, 173.697938
1739, 173.797938
1740, 173.897936
1741, 173.997940
1742, 174.097934
1743, 174.197932
1744, 174.297922
1745, 174.397921
1746, 174.497919
1747, 174.597928
1748, 174.697927
1749, 174.797915
1750, 174.897914
1751, 174.997916
1752, 175.097920
1753, 175.197911
1754, 175.297909
1755, 175.397909
1756, 175.497907
1757, 175.597906
1758, 175.697915
1759, 175.797914
1760, 175.897912
1761, 175.997912
1762, 176.097904
1763, 176.197917
1764, 176.297908
1765, 176.397906
1766, 176.497905
1767, 176.597895
1768, 176.697893
1769, 176.797892
1770, 176.897890
1771, 176.997890
1772, 177.097896
1773, 177.197898
1774, 177.297894
1775, 177.397882
1776, 177.497881
1777, 177.597894
1778, 177.697885
1779, 177.797883
1780, 177.897882
1781, 177.997882
1782, 178.097873
1783, 178.197877
1784, 178.297878
1785, 178.397884
1786, 178.497876
1787, 178.597871
1788, 178.697870
1789, 178.797875
1790, 178.897877
1791, 178.997873
1792, 179.097872
1793, 179.197864
1794, 179.297859
1795, 179.397861
1796, 179.497868
1797, 179.597859
1798, 179.697864
1799, 179.797867
1800, 179.897863
1801, 179.997861
1802, 180.097858
1803, 180.197857
1804, 180.297861
1805, 180.397859
1806, 180.497855
1807, 180.597865
1808, 180.697853
1809, 180.797842
1810, 180.897844
1811, 180.997842
1812, 181.097841
1813, 181.197841
1814, 181.297827
1815, 181.397838
1816, 181.497836
1817, 181.597832
1818, 181.697831
1819, 181.797833
1820, 181.897832
1821, 181.997831
1822, 182.097839
1823, 182.197825
1824, 182.297827
1825, 182.397823
1826, 182.497824
1827, 182.597821
1828, 182.697838
1829, 182.797821
1830, 182.897819
1831, 182.997819
1832, 183.097814
1833, 183.197827
1834, 183.297815
1835, 183.397814
1836, 183.497813
1837, 183.597811
1838, 183.697809
1839, 183.797814
1840, 183.897807
1841, 183.997806
1842, 184.097814
1843, 184.197814
1844, 184.297802
1845, 184.397801
1846, 184.497801
1847, 184.597799
1848, 184.697796
1849, 184.797797
1850, 184.897803
1851, 184.997795
1852, 185.097793
1853, 185.197792
1854, 185.297789
1855, 185.397789
1856, 185.497788
1857, 185.597786
1858, 185.697785
1859, 185.797784
1860, 185.897794
1861, 185.997800
1862, 186.097780
1863, 186.197780
1864, 186.297778
1865, 186.397777
1866, 186.497775
1867, 186.597785
1868, 186.697784
1869, 186.797772
1870, 186.897771
1871, 186.997779
1872, 187.097777
1873, 187.197768
1874, 187.297766
1875, 187.397763
1876, 187.497764
1877, 187.597772
1878, 187.697769
1879, 187.797769
1880, 187.897766
1881, 187.997765
1882, 188.097766
1883, 188.197773
1884, 188.297755
1885, 188.397754
1886, 188.497751
1887, 188.597750
1888, 188.697750
1889, 188.797751
1890, 188.897747
1891, 188.997747
1892, 189.097746
1893, 189.197744
1894, 189.297751
1895, 189.397741
1896, 189.497740
1897, 189.597739
1898, 189.697738
1899, 189.797733
1900, 189.897745
1901, 189.997744
1902, 190.097744
1903, 190.197742
1904, 190.297730
1905, 190.397738
1906, 190.497728
1907, 190.597727
1908, 190.697726
1909, 190.797725
1910, 190.897723
1911, 190.997731
1912, 191.097731
1913, 191.197729
1914, 191.297718
1915, 191.397717
1916, 191.497724
1917, 191.597715
1918, 191.697717
1919, 191.797716
1920, 191.897716
1921, 191.997715
1922, 192.097705
1923, 192.197708
1924, 192.297710
1925, 192.397706
1926, 192.497707
1927, 192.597720
1928, 192.697704
1929, 192.797700
1930, 192.897698
1931, 192.997697
1932, 193.097697
1933, 193.197695
1934, 193.297693
1935, 193.397693
1936, 193.497692
1937, 193.597690
1938, 193.697706
1939, 193.797697
1940, 193.897697
1941, 193.997695
1942, 194.097689
1943, 194.197686
1944, 194.297691
1945, 194.397692
1946, 194.497688
1947, 194.597677
1948, 194.697676
1949, 194.797684
1950, 194.897674
1951, 194.997673
1952, 195.097672
1953, 195.197680
1954, 195.297669
1955, 195.397668
1956, 195.497667
1957, 195.597666
1958, 195.697677
1959, 195.797674
1960, 195.897673
1961, 195.997667
1962, 196.097670
1963, 196.197664
1964, 196.297668
1965, 196.397667
1966, 196.497664
1967, 196.597654
1968, 196.697653
1969, 196.797652
1970, 196.897649
1971, 196.997659
1972, 197.097649
1973, 197.197657
1974, 197.297646
1975, 197.397642
1976, 197.497644
1977, 197.597653
1978, 197.697648
1979, 197.797648
1980, 197.897646
1981, 197.997644
1982, 198.097647
1983, 198.197635
1984, 198.297641
1985, 198.397632
1986, 198.497630
1987, 198.597623
1988, 198.697623
1989, 198.797628
1990, 198.897626
1991, 198.997625
1992, 199.097624
1993, 199.197641
1994, 199.297625
1995, 199.397625
1996, 199.497623
1997, 199.597618
1998, 199.697627
1999, 199.797626
2000, 199.897625
2001, 199.997624
2002, 200.097621
2003, 200.197613
2004, 200.297626
2005, 200.397619
2006, 200.497617
2007, 200.597606
2008, 200.697605
2009, 200.797603
2010, 200.897601
2011, 200.997611
2012, 201.097599
2013, 201.197598
2014, 201.297597
2015, 201.397604
2016, 201.497595
2017, 201.597594
2018, 201.697592
2019, 201.797591
2020, 201.897591
2021, 201.997589
2022, 202.097587
2023, 202.197597
2024, 202.297584
2025, 202.397581
2026, 202.497590
2027, 202.597581
2028, 202.697589
2029, 202.797580
2030, 202.897578
2031, 202.997576
2032, 203.097575
2033, 203.197574
2034, 203.297573
2035, 203.397571
2036, 203.497570
2037, 203.597578
2038, 203.697567
2039, 203.797568
2040, 203.897566
2041, 203.997564
2042, 204.097564
2043, 204.197566
2044, 204.297562
2045, 204.397559
2046, 204.497558
2047, 204.597567
2048, 204.697573
2049, 204.797555
2050, 204.897553
2051, 204.997552
2052, 205.097551
2053, 205.197550
2054, 205.297557
2055, 205.397558
2056, 205.497546
2057, 205.597546
2058, 205.697543
2059, 205.797551
2060, 205.897541
2061, 205.997539
2062, 206.097539
2063, 206.197548
2064, 206.297536
2065, 206.397535
2066, 206.497533
2067, 206.597533
2068, 206.697531
2069, 206.797529
2070, 206.897538
2071, 206.997527
2072, 207.097526
2073, 207.197525
2074, 207.297523
2075, 207.397522
2076, 207.497521
2077, 207.597530
2078, 207.697518
2079, 207.797517
2080, 207.897516
2081, 207.997523
2082, 208.097513
2083, 208.197518
2084, 208.297510
2085, 208.397510
2086, 208.497508
2087, 208.597508
2088, 208.697507
2089, 208.797506
2090, 208.897514
2091, 208.997513
2092, 209.097509
2093, 209.197500
2094, 209.297498
2095, 209.397498
2096, 209.497497
2097, 209.597496
2098, 209.697501
2099, 209.797503
2100, 209.897503
2101, 209.997501
2102, 210.097505
2103, 210.197493
2104, 210.297497
2105, 210.397496
2106, 210.497494
2107, 210.597488
2108, 210.697486
2109, 210.797491
2110, 210.897489
2111, 210.997489
2112, 211.097486
2113, 211.197488
2114, 211.297484
2115, 211.397483
2116, 211.497483
2117, 211.597472
2118, 211.697470
2119, 211.797468
2120, 211.897467
2121, 211.997466
2122, 212.097464
2123, 212.197474
2124, 212.297476
2125, 212.397461
2126, 212.497461
2127, 212.597459
2128, 212.697454
2129, 212.797456
2130, 212.897455
2131, 212.997454
2132, 213.097453
2133, 213.197452
2134, 213.297450
2135, 213.397457
2136, 213.497448
2137, 213.597447
2138, 213.697445
2139, 213.797446
2140, 213.897451
2141, 213.997442
2142, 214.097440
2143, 214.197449
2144, 214.297449
2145, 214.397447
2146, 214.497444
2147, 214.597434
2148, 214.697431
2149, 214.797433
2150, 214.897431
2151, 214.997431
2152, 215.097428
2153, 215.197427
2154, 215.297436
2155, 215.397425
2156, 215.497426
2157, 215.597432
2158, 215.697421
2159, 215.797420
2160, 215.897419
2161, 215.997418
2162, 216.097416
2163, 216.197425
2164, 216.297419
2165, 216.397413
2166, 216.497411
2167, 216.597422
2168, 216.697428
2169, 216.797410
2170, 216.897406
2171, 216.997405
2172, 217.097405
2173, 217.197404
2174, 217.297412
2175, 217.397412
2176, 217.497410
2177, 217.597402
2178, 217.697404
2179, 217.797411
2180, 217.897395
2181, 217.997394
2182, 218.097394
2183, 218.197358
2184, 218.297400
2185, 218.397389
2186, 218.497387
2187, 218.597387
2188, 218.697386
2189, 218.797384
2190, 218.897391
2191, 218.997382
2192, 219.097380
2193, 219.197380
2194, 219.297378
2195, 219.397376
2196, 219.497375
2197, 219.597374
2198, 219.697371
2199, 219.797374
2200, 219.897372
2201, 219.997377
2202, 220.097369
2203, 220.197368
2204, 220.297377
2205, 220.397366
2206, 220.497363
2207, 220.597363
2208, 220.697361
2209, 220.797360
2210, 220.897363
2211, 220.997358
2212, 221.097358
2213, 221.197356
2214, 221.297354
2215, 221.397354
2216, 221.497352
2217, 221.597351
2218, 221.697359
2219, 221.797349
2220, 221.897348
2221, 221.997346
2222, 222.097352
2223, 222.197344
2224, 222.297343
2225, 222.397343
2226, 222.497339
2227, 222.597349
2228, 222.697318
2229, 222.797336
2230, 222.897335
2231, 222.997335
2232, 223.097334
2233, 223.197341
2234, 223.297338
2235, 223.397337
2236, 223.497335
2237, 223.597328
2238, 223.697332
2239, 223.797325
2240, 223.897323
2241, 223.997323
2242, 224.097321
2243, 224.197320
2244, 224.297333
2245, 224.397318
2246, 224.497316
2247, 224.597316
2248, 224.697317
2249, 224.797313
2250, 224.897311
2251, 224.997311
2252, 225.097310
2253, 225.197308
2254, 225.297306
2255, 225.397314
2256, 225.497316
2257, 225.597303
2258, 225.697302
2259, 225.797300
2260, 225.897299
2261, 225.997298
2262, 226.097297
2263, 226.197296
2264, 226.297303
2265, 226.397302
2266, 226.497301
2267, 226.597301
2268, 226.697291
2269, 226.797277
2270, 226.897298
2271, 226.997297
2272, 227.097296
2273, 227.197284
2274, 227.297293
2275, 227.397282
2276, 227.497290
2277, 227.597297
2278, 227.697288
2279, 227.797278
2280, 227.897276
2281, 227.997275
2282, 228.097284
2283, 228.197273
2284, 228.297281
2285, 228.397280
2286, 228.497279
2287, 228.597274
2288, 228.697280
2289, 228.797273
2290, 228.897263
2291, 228.997263
2292, 229.097263
2293, 229.197262
2294, 229.297270
2295, 229.397258
2296, 229.497257
2297, 229.597256
2298, 229.697245
2299, 229.797254
2300, 229.897263
2301, 229.997251
2302, 230.097258
2303, 230.197249
2304, 230.297257
2305, 230.397247
2306, 230.497245
2307, 230.597244
2308, 230.697243
2309, 230.797249
2310, 230.897249
2311, 230.997240
2312, 231.097238
2313, 231.197238
2314, 231.297236
2315, 231.397234
2316, 231.497233
2317, 231.597232
2318, 231.697231
2319, 231.797230
2320, 231.897238
2321, 231.997227
2322, 232.097226
2323, 232.197225
2324, 232.297236
2325, 232.397223
2326, 232.497221
2327, 232.597220
2328, 232.697193
2329, 232.797218
2330, 232.897216
2331, 232.997224
2332, 233.097215
2333, 233.197214
2334, 233.297222
2335, 233.397211
2336, 233.497210
2337, 233.597210
2338, 233.697207
2339, 233.797207
2340, 233.897205
2341, 233.997204
2342, 234.097220
2343, 234.197211
2344, 234.297210
2345, 234.397199
2346, 234.497198
2347, 234.597206
2348, 234.697192
2349, 234.797204
2350, 234.897195
2351, 234.997193
2352, 235.097202
2353, 235.197206
2354, 235.297188
2355, 235.397188
2356, 235.497186
2357, 235.597185
2358, 235.697184
2359, 235.797183
2360, 235.897182
2361, 235.997180
2362, 236.097189
2363, 236.197189
2364, 236.297185
2365, 236.397186
2366, 236.497174
2367, 236.597174
2368, 236.697173
2369, 236.797171
2370, 236.897169
2371, 236.997162
2372, 237.097168
2373, 237.197167
2374, 237.297175
2375, 237.397173
2376, 237.497163
2377, 237.597171
2378, 237.697160
2379, 237.797159
2380, 237.897159
2381, 237.997157
2382, 238.097155
2383, 238.197155
2384, 238.297148
2385, 238.397152
2386, 238.497159
2387, 238.597150
2388, 238.697149
2389, 238.797148
2390, 238.897146
2391, 238.997146
2392, 239.097143
2393, 239.197145
2394, 239.297142
2395, 239.397141
2396, 239.497140
2397, 239.597147
2398, 239.697137
2399, 239.797135
2400, 239.897135
2401, 239.997134
2402, 240.097132
2403, 240.197132
2404, 240.297130
2405, 240.397139
2406, 240.497139
2407, 240.597131
2408, 240.697137
2409, 240.797129
2410, 240.897133
2411, 240.997132
2412, 241.097121
2413, 241.197120
2414, 241.297118
2415, 241.397117
2416, 241.497116
2417, 241.597115
2418, 241.697114
2419, 241.797113
2420, 241.897112
2421, 241.997111
2422, 242.097108
2423, 242.197108
2424, 242.297107
2425, 242.397116
2426, 242.497104
2427, 242.597104
2428, 242.697113
2429, 242.797118
2430, 242.897109
2431, 242.997109
2432, 243.097098
2433, 243.197097
2434, 243.297095
2435, 243.397094
2436, 243.497092
2437, 243.597102
2438, 243.697089
2439, 243.797089
2440, 243.897097
2441, 243.997087
2442, 244.097085
2443, 244.197084
2444, 244.297083
2445, 244.397093
2446, 244.497081
2447, 244.597080
2448, 244.697079
2449, 244.797079
2450, 244.897076
2451, 244.997083
2452, 245.097074
2453, 245.197072
2454, 245.297072
2455, 245.397071
2456, 245.497070
2457, 245.597068
2458, 245.697078
2459, 245.797077
2460, 245.897064
2461, 245.997063
2462, 246.097071
2463, 246.197062
2464, 246.297061
2465, 246.397059
2466, 246.497057
2467, 246.597067
2468, 246.697060
2469, 246.797059
2470, 246.897054
2471, 246.997053
2472, 247.097051
2473, 247.197050
2474, 247.297048
2475, 247.397050
2476, 247.497046
2477, 247.597045
2478, 247.697053
2479, 247.797054
2480, 247.897042
2481, 247.997041
2482, 248.097039
2483, 248.197046
2484, 248.297037
2485, 248.397046
2486, 248.497046
2487, 248.597034
2488, 248.697037
2489, 248.797037
2490, 248.897030
2491, 248.997030
2492, 249.097028
2493, 249.197027
2494, 249.297034
2495, 249.397024
2496, 249.497023
2497, 249.597023
2498, 249.697021
2499, 249.797020
2500, 249.897019
2501, 249.997017
2502, 250.097016
2503, 250.197015
2504, 250.297014
2505, 250.397032
2506, 250.497011
2507, 250.597011
2508, 250.697009
2509, 250.797008
2510, 250.897006
2511, 250.997006
2512, 251.097005
2513, 251.197014
2514, 251.297002
2515, 251.397012
2516, 251.497018
2517, 251.597008
2518, 251.696999
2519, 251.796997
2520, 251.896995
2521, 251.996995
2522, 252.097002
2523, 252.197002
2524, 252.297002
2525, 252.396999
2526, 252.496998
2527, 252.596999
2528, 252.696991
2529, 252.796985
2530, 252.896983
2531, 252.996984
2532, 253.096992
2533, 253.196990
2534, 253.296979
2535, 253.396979
2536, 253.496977
2537, 253.596976
2538, 253.696983
2539, 253.796974
2540, 253.896972
2541, 253.996972
2542, 254.096980
2543, 254.196979
2544, 254.296968
2545, 254.396977
2546, 254.496965
2547, 254.596964
2548, 254.696965
2549, 254.796970
2550, 254.896960
2551, 254.996960
2552, 255.096968
2553, 255.196967
2554, 255.296956
2555, 255.396954
2556, 255.496954
2557, 255.596952
2558, 255.696950
2559, 255.796950
2560, 255.896958
2561, 255.996949
2562, 256.096946
2563, 256.196945
2564, 256.296944
2565, 256.396943
2566, 256.496942
2567, 256.596940
2568, 256.696950
2569, 256.796949
2570, 256.896937
2571, 256.996945
2572, 257.096942
2573, 257.196934
2574, 257.296943
2575, 257.396943
2576, 257.496931
2577, 257.596933
2578, 257.696925
2579, 257.796919
2580, 257.896933
2581, 257.996925
2582, 258.096931
2583, 258.196923
2584, 258.296921
2585, 258.396929
2586, 258.496928
2587, 258.596923
2588, 258.696921
2589, 258.796926
2590, 258.896924
2591, 258.996913
2592, 259.096913
2593, 259.196911
2594, 259.296919
2595, 259.396908
2596, 259.496907
2597, 259.596916
2598, 259.696905
2599, 259.796904
2600, 259.896904
2601, 259.996902
2602, 260.096900
2603, 260.196916
2604, 260.296899
2605, 260.396897
2606, 260.496905
2607, 260.596905
2608, 260.696905
2609, 260.796902
2610, 260.896900
2611, 260.996890
2612, 261.096889
2613, 261.196888
2614, 261.296894
2615, 261.396885
2616, 261.496884
2617, 261.596883
2618, 261.696881
2619, 261.796880
2620, 261.896879
2621, 261.996879
2622, 262.096877
2623, 262.196876
2624, 262.296874
2625, 262.396882
2626, 262.496882
2627, 262.596881
2628, 262.696870
2629, 262.796869
2630, 262.896869
2631, 262.996867
2632, 263.096865
2633, 263.196864
2634, 263.296863
2635, 263.396862
2636, 263.496869
2637, 263.596860
2638, 263.696858
2639, 263.796858
2640, 263.896857
2641, 263.996855
2642, 264.096854
2643, 264.196855
2644, 264.296852
2645, 264.396850
2646, 264.496853
2647, 264.596856
2648, 264.696847
2649, 264.796845
2650, 264.896844
2651, 264.996844
2652, 265.096842
2653, 265.196841
2654, 265.296840
2655, 265.396839
2656, 265.496839
2657, 265.596836
2658, 265.696843
2659, 265.796834
2660, 265.896833
2661, 265.996831
2662, 266.096830
2663, 266.196829
2664, 266.296828
2665, 266.396827
2666, 266.496829
2667, 266.596829
2668, 266.696828
2669, 266.796831
2670, 266.896820
2671, 266.996821
2672, 267.096819
2673, 267.196820
2674, 267.296815
2675, 267.396815
2676, 267.496814
2677, 267.596820
2678, 267.696812
2679, 267.796811
2680, 267.896818
2681, 267.996819
2682, 268.096818
2683, 268.196817
2684, 268.296805
2685, 268.396804
2686, 268.496807
2687, 268.596802
2688, 268.696801
2689, 268.796799
2690, 268.896797
2691, 268.996805
2692, 269.096796
2693, 269.196795
2694, 269.296793
2695, 269.396793
2696, 269.496791
2697, 269.596789
2698, 269.696788
2699, 269.796788
2700, 269.896787
2701, 269.996786
2702, 270.096792
2703, 270.196784
2704, 270.296783
2705, 270.396782
2706, 270.496784
2707, 270.596776
2708, 270.696775
2709, 270.796774
2710, 270.896775
2711, 270.996775
2712, 271.096774
2713, 271.196771
2714, 271.296770
2715, 271.396769
2716, 271.496768
2717, 271.596767
2718, 271.696765
2719, 271.796765
2720, 271.896763
2721, 271.996762
2722, 272.096760
2723, 272.196768
2724, 272.296766
2725, 272.396758
2726, 272.496763
2727, 272.596763
2728, 272.696762
2729, 272.796753
2730, 272.896752
2731, 272.996750
2732, 273.096749
2733, 273.196758
2734, 273.296754
2735, 273.396746
2736, 273.496754
2737, 273.596753
2738, 273.696739
2739, 273.796741
2740, 273.896739
2741, 273.996738
2742, 274.096736
2743, 274.196736
2744, 274.296746
2745, 274.396740
2746, 274.496739
2747, 274.596729
2748, 274.696737
2749, 274.796729
2750, 274.896727
2751, 274.996727
2752, 275.096726
2753, 275.196734
2754, 275.296730
2755, 275.396723
2756, 275.496729
2757, 275.596720
2758, 275.696718
2759, 275.796718
2760, 275.896715
2761, 275.996715
2762, 276.096714
2763, 276.196712
2764, 276.296711
2765, 276.396711
2766, 276.496708
2767, 276.596719
2768, 276.696713
2769, 276.796711
2770, 276.896704
2771, 276.996703
2772, 277.096702
2773, 277.196712
2774, 277.296699
2775, 277.396699
2776, 277.496698
2777, 277.596705
2778, 277.696703
2779, 277.796694
2780, 277.896693
2781, 277.996692
2782, 278.096690
2783, 278.196689
2784, 278.296688
2785, 278.396687
2786, 278.496693
2787, 278.596685
2788, 278.696684
2789, 278.796691
2790, 278.896680
2791, 278.996679
2792, 279.096678
2793, 279.196687
2794, 279.296676
2795, 279.396673
2796, 279.496675
2797, 279.596683
2798, 279.696671
2799, 279.796670
2800, 279.896669
2801, 279.996668
2802, 280.096667
2803, 280.196666
2804, 280.296675
2805, 280.396664
2806, 280.496662
2807, 280.596671
2808, 280.696670
2809, 280.796658
2810, 280.896666
2811, 280.996658
2812, 281.096656
2813, 281.196655
2814, 281.296653
2815, 281.396651
2816, 281.496651
2817, 281.596650
2818, 281.696648
2819, 281.796657
2820, 281.896657
2821, 281.996653
2822, 282.096643
2823, 282.196642
2824, 282.296643
2825, 282.396650
2826, 282.496638
2827, 282.596644
2828, 282.696644
2829, 282.796634
2830, 282.896633
2831, 282.996633
2832, 283.096640
2833, 283.196640
2834, 283.296629
2835, 283.396638
2836, 283.496627
2837, 283.596634
2838, 283.696624
2839, 283.796624
2840, 283.896622
2841, 283.996623
2842, 284.096618
2843, 284.196627
2844, 284.296617
2845, 284.396613
2846, 284.496614
2847, 284.596614
2848, 284.696613
2849, 284.796612
2850, 284.896609
2851, 284.996609
2852, 285.096607
2853, 285.196606
2854, 285.296615
2855, 285.396605
2856, 285.496603
2857, 285.596602
2858, 285.696601
2859, 285.796599
2860, 285.896598
2861, 285.996597
2862, 286.096595
2863, 286.196595
2864, 286.296593
2865, 286.396600
2866, 286.496590
2867, 286.596591
2868, 286.696588
2869, 286.796587
2870, 286.896585
2871, 286.996584
2872, 287.096584
2873, 287.196583
2874, 287.296580
2875, 287.396581
2876, 287.496587
2877, 287.596584
2878, 287.696577
2879, 287.796575
2880, 287.896575
2881, 287.996573
2882, 288.096571
2883, 288.196571
2884, 288.296569
2885, 288.396568
2886, 288.496567
2887, 288.596577
2888, 288.696575
2889, 288.796574
2890, 288.896561
2891, 288.996561
2892, 289.096560
2893, 289.196559
2894, 289.296557
2895, 289.396554
2896, 289.496556
2897, 289.596561
2898, 289.696561
2899, 289.796552
2900, 289.896551
2901, 289.996549
2902, 290.096548
2903, 290.196547
2904, 290.296546
2905, 290.396544
2906, 290.496543
2907, 290.596552
2908, 290.696551
2909, 290.796548
2910, 290.896539
2911, 290.996538
2912, 291.096536
2913, 291.196535
2914, 291.296534
2915, 291.396533
2916, 291.496532
2917, 291.596531
2918, 291.696529
2919, 291.796528
2920, 291.896527
2921, 291.996525
2922, 292.096524
2923, 292.196525
2924, 292.296523
2925, 292.396522
2926, 292.496520
2927, 292.596525
2928, 292.696525
2929, 292.796516
2930, 292.896523
2931, 292.996514
2932, 293.096512
2933, 293.196511
2934, 293.296509
2935, 293.396510
2936, 293.496509
2937, 293.596507
2938, 293.696506
2939, 293.796504
2940, 293.896503
2941, 293.996511
2942, 294.096500
2943, 294.196500
2944, 294.296499
2945, 294.396494
2946, 294.496496
2947, 294.596499
2948, 294.696498
2949, 294.796503
2950, 294.896492
2951, 294.996491
2952, 295.096499
2953, 295.196489
2954, 295.296487
2955, 295.396485
2956, 295.496485
2957, 295.596484
2958, 295.696491
2959, 295.796491
2960, 295.896489
2961, 295.996478
2962, 296.096477
2963, 296.196485
2964, 296.296475
2965, 296.396474
2966, 296.496473
2967, 296.596480
2968, 296.696480
2969, 296.796481
2970, 296.896478
2971, 296.996477
2972, 297.096476
2973, 297.196474
2974, 297.296470
2975, 297.396471
2976, 297.496469
2977, 297.596458
2978, 297.696458
2979, 297.796458
2980, 297.896457
2981, 297.996456
2982, 298.096453
2983, 298.196453
2984, 298.296460
2985, 298.396451
2986, 298.496449
2987, 298.596448
2988, 298.696457
2989, 298.796455
2990, 298.896453
2991, 298.996453
2992, 299.096454
2993, 299.196451
2994, 299.296449
2995, 299.396444
2996, 299.496437
2997, 299.596437
2998, 299.696434
2999, 299.796434
3000, 299.896433
3001, 299.996431
3002, 300.096430
3003, 300.196429
3004, 300.296428
3005, 300.396427
3006, 300.496433
3007, 300.596431
3008, 300.696428
3009, 300.796426
3010, 300.896425
3011, 300.996419
3012, 301.096419
3013, 301.196417
3014, 301.296425
3015, 301.396425
3016, 301.496423
3017, 301.596431
3018, 301.696411
3019, 301.796410
3020, 301.896409
3021, 301.996407
3022, 302.096408
3023, 302.196405
3024, 302.296405
3025, 302.396403
3026, 302.496401
3027, 302.596411
3028, 302.696410
3029, 302.796398
3030, 302.896397
3031, 302.996395
3032, 303.096395
3033, 303.196394
3034, 303.296402
3035, 303.396403
3036, 303.496392
3037, 303.596391
3038, 303.696382
3039, 303.796386
3040, 303.896381
3041, 303.996385
3042, 304.096383
3043, 304.196383
3044, 304.296380
3045, 304.396379
3046, 304.496385
3047, 304.596387
3048, 304.696381
3049, 304.796375
3050, 304.896381
3051, 304.996373
3052, 305.096371
3053, 305.196371
3054, 305.296368
3055, 305.396368
3056, 305.496378
3057, 305.596376
3058, 305.696364
3059, 305.796363
3060, 305.896362
3061, 305.996370
3062, 306.096360
3063, 306.196358
3064, 306.296357
3065, 306.396356
3066, 306.496364
3067, 306.596363
3068, 306.696360
3069, 306.796361
3070, 306.896350
3071, 306.996349
3072, 307.096357
3073, 307.196346
3074, 307.296345
3075, 307.396344
3076, 307.496344
3077, 307.596349
3078, 307.696341
3079, 307.796340
3080, 307.896339
3081, 307.996345
3082, 308.096337
3083, 308.196343
3084, 308.296334
3085, 308.396333
3086, 308.496331
3087, 308.596331
3088, 308.696334
3089, 308.796332
3090, 308.896327
3091, 308.996327
3092, 309.096325
3093, 309.196324
3094, 309.296322
3095, 309.396320
3096, 309.496320
3097, 309.596318
3098, 309.696324
3099, 309.796323
3100, 309.896315
3101, 309.996313
3102, 310.096312
3103, 310.196311
3104, 310.296318
3105, 310.396309
3106, 310.496308
3107, 310.596307
3108, 310.696311
3109, 310.796309
3110, 310.896303
3111, 310.996302
3112, 311.096301
3113, 311.196300
3114, 311.296298
3115, 311.396306
3116, 311.496296
3117, 311.596297
3118, 311.696316
3119, 311.796293
3120, 311.896292
3121, 311.996300
3122, 312.096289
3123, 312.196288
3124, 312.296291
3125, 312.396295
3126, 312.496293
3127, 312.596294
3128, 312.696274
3129, 312.796279
3130, 312.896277
3131, 312.996275
3132, 313.096275
3133, 313.196273
3134, 313.296266
3135, 313.396265
3136, 313.496264
3137, 313.596271
3138, 313.696271
3139, 313.796269
3140, 313.896268
3141, 313.996268
3142, 314.096265
3143, 314.196265
3144, 314.296263
3145, 314.396273
3146, 314.496261
3147, 314.596261
3148, 314.696269
3149, 314.796258
3150, 314.896256
3151, 314.996255
3152, 315.096254
3153, 315.196254
3154, 315.296252
3155, 315.396251
3156, 315.496251
3157, 315.596248
3158, 315.696247
3159, 315.796254
3160, 315.896246
3161, 315.996244
3162, 316.096242
3163, 316.196241
3164, 316.296240
3165, 316.396239
3166, 316.496238
3167, 316.596237
3168, 316.696218
3169, 316.796239
3170, 316.896233
3171, 316.996229
3172, 317.096226
3173, 317.196231
3174, 317.296229
3175, 317.396228
3176, 317.496227
3177, 317.596233
3178, 317.696224
3179, 317.796223
3180, 317.896221
3181, 317.996229
3182, 318.096220
3183, 318.196219
3184, 318.296222
3185, 318.396216
3186, 318.496214
3187, 318.596224
3188, 318.696217
3189, 318.796215
3190, 318.896210
3191, 318.996209
3192, 319.096216
3193, 319.196207
3194, 319.296205
3195, 319.396204
3196, 319.496203
3197, 319.596203
3198, 319.696201
3199, 319.796200
3200, 319.896199
3201, 319.996198
3202, 320.096196
3203, 320.196205
3204, 320.296205
3205, 320.396203
3206, 320.496192
3207, 320.596190
3208, 320.696200
3209, 320.796199
3210, 320.896196
3211, 320.996196
3212, 321.096187
3213, 321.196193
3214, 321.296180
3215, 321.396178
3216, 321.496183
3217, 321.596179
3218, 321.696178
3219, 321.796176
3220, 321.896175
3221, 321.996175
3222, 322.096172
3223, 322.196172
3224, 322.296182
3225, 322.396174
3226, 322.496168
3227, 322.596167
3228, 322.696160
3229, 322.796173
3230, 322.896163
3231, 322.996163
3232, 323.096161
3233, 323.196170
3234, 323.296155
3235, 323.396166
3236, 323.496156
3237, 323.596156
3238, 323.696154
3239, 323.796152
3240, 323.896151
3241, 323.996151
3242, 324.096148
3243, 324.196148
3244, 324.296147
3245, 324.396145
3246, 324.496155
3247, 324.596153
3248, 324.696153
3249, 324.796151
3250, 324.896140
3251, 324.996138
3252, 325.096137
3253, 325.196136
3254, 325.296138
3255, 325.396134
3256, 325.496133
3257, 325.596139
3258, 325.696130
3259, 325.796129
3260, 325.896128
3261, 325.996127
3262, 326.096125
3263, 326.196125
3264, 326.296123
3265, 326.396121
3266, 326.496120
3267, 326.596120
3268, 326.696124
3269, 326.796087
3270, 326.896115
3271, 326.996124
3272, 327.096113
3273, 327.196112
3274, 327.296114
3275, 327.396115
3276, 327.496109
3277, 327.596115
3278, 327.696106
3279, 327.796114
3280, 327.896104
3281, 327.996103
3282, 328.096102
3283, 328.196101
3284, 328.296100
3285, 328.396099
3286, 328.496096
3287, 328.596105
3288, 328.696089
3289, 328.796091
3290, 328.896096
3291, 328.996088
3292, 329.096087
3293, 329.196086
3294, 329.296079
3295, 329.396079
3296, 329.496077
3297, 329.596082
3298, 329.696082
3299, 329.796079
3300, 329.896077
3301, 329.996077
3302, 330.096075
3303, 330.196075
3304, 330.296074
3305, 330.396072
3306, 330.496072
3307, 330.596072
3308, 330.696071
3309, 330.796079
3310, 330.896069
3311, 330.996075
3312, 331.096067
3313, 331.196065
3314, 331.296075
3315, 331.396073
3316, 331.496071
3317, 331.596059
3318, 331.696059
3319, 331.796058
3320, 331.896058
3321, 331.996053
3322, 332.096071
3323, 332.196058
3324, 332.296057
3325, 332.396056
3326, 332.496054
3327, 332.596049
3328, 332.696047
3329, 332.796053
3330, 332.896052
3331, 332.996054
3332, 333.096043
3333, 333.196060
3334, 333.296048
3335, 333.396040
3336, 333.496039
3337, 333.596037
3338, 333.696036
3339, 333.796045
3340, 333.896034
3341, 333.996043
3342, 334.096042
3343, 334.196030
3344, 334.296046
3345, 334.396028
3346, 334.496038
3347, 334.596025
3348, 334.696022
3349, 334.796033
3350, 334.896032
3351, 334.996031
3352, 335.096030
3353, 335.196029
3354, 335.296025
3355, 335.396024
3356, 335.496025
3357, 335.596024
3358, 335.696013
3359, 335.796011
3360, 335.896010
3361, 335.996009
3362, 336.096016
3363, 336.196015
3364, 336.296015
3365, 336.396014
3366, 336.496012
3367, 336.596002
3368, 336.696001
3369, 336.796009
3370, 336.895999
3371, 336.995998
3372, 337.095996
3373, 337.195995
3374, 337.296003
3375, 337.395993
3376, 337.495992
3377, 337.596008
3378, 337.695990
3379, 337.795987
3380, 337.895987
3381, 337.995985
3382, 338.095985
3383, 338.195983
3384, 338.295990
3385, 338.395981
3386, 338.495980
3387, 338.595979
3388, 338.695986
3389, 338.795986
3390, 338.895975
3391, 338.995984
3392, 339.095972
3393, 339.195971
3394, 339.295980
3395, 339.395969
3396, 339.495968
3397, 339.595968
3398, 339.695966
3399, 339.795972
3400, 339.895963
3401, 339.995972
3402, 340.095961
3403, 340.195960
3404, 340.295958
3405, 340.395957
3406, 340.495956
3407, 340.595955
3408, 340.695954
3409, 340.795962
3410, 340.895969
3411, 340.995950
3412, 341.095948
3413, 341.195947
3414, 341.295957
3415, 341.395956
3416, 341.495944
3417, 341.595944
3418, 341.695942
3419, 341.795940
3420, 341.895940
3421, 341.995938
3422, 342.095938
3423, 342.195936
3424, 342.295945
3425, 342.395944
3426, 342.495944
3427, 342.595937
3428, 342.695934
3429, 342.795936
3430, 342.895928
3431, 342.995935
3432, 343.095936
3433, 343.195925
3434, 343.295924
3435, 343.395922
3436, 343.495922
3437, 343.595920
3438, 343.695919
3439, 343.795918
3440, 343.895918
3441, 343.995915
3442, 344.095932
3443, 344.195924
3444, 344.295911
3445, 344.395910
3446, 344.495909
3447, 344.595909
3448, 344.695908
3449, 344.795916
3450, 344.895905
3451, 344.995903
3452, 345.095913
3453, 345.195920
3454, 345.295898
3455, 345.395899
3456, 345.495898
3457, 345.595897
3458, 345.695896
3459, 345.795895
3460, 345.895893
3461, 345.995892
3462, 346.095891
3463, 346.195890
3464, 346.295897
3465, 346.395885
3466, 346.495887
3467, 346.595885
3468, 346.695885
3469, 346.795882
3470, 346.895883
3471, 346.995880
3472, 347.095880
3473, 347.195879
3474, 347.295877
3475, 347.395886
3476, 347.495886
3477, 347.595884
3478, 347.695872
3479, 347.795871
3480, 347.895871
3481, 347.995869
3482, 348.095868
3483, 348.195868
3484, 348.295866
3485, 348.395872
3486, 348.495863
3487, 348.595872
3488, 348.695871
3489, 348.795870
3490, 348.895863
3491, 348.995862
3492, 349.095857
3493, 349.195855
3494, 349.295854
3495, 349.395862
3496, 349.495869
3497, 349.595851
3498, 349.695850
3499, 349.795849
3500, 349.895847
3501, 349.995847
3502, 350.095845
3503, 350.195844
3504, 350.295843
3505, 350.395841
3506, 350.495840
3507, 350.595848
3508, 350.695838
3509, 350.795837
3510, 350.895845
3511, 350.995844
3512, 351.095833
3513, 351.195832
3514, 351.295831
3515, 351.395840
3516, 351.495839
3517, 351.595827
3518, 351.695834
3519, 351.795825
3520, 351.895824
3521, 351.995823
3522, 352.095823
3523, 352.195820
3524, 352.295819
3525, 352.395818
3526, 352.495817
3527, 352.595816
3528, 352.695822
3529, 352.795833
3530, 352.895817
3531, 352.995814
3532, 353.095820
3533, 353.195818
3534, 353.295818
3535, 353.395807
3536, 353.495805
3537, 353.595803
3538, 353.695803
3539, 353.795801
3540, 353.895808
3541, 353.995800
3542, 354.095798
3543, 354.195797
3544, 354.295795
3545, 354.395794
3546, 354.495793
3547, 354.595802
3548, 354.695801
3549, 354.795800
3550, 354.895793
3551, 354.995796
3552, 355.095786
3553, 355.195785
3554, 355.295784
3555, 355.395783
3556, 355.495782
3557, 355.595781
3558, 355.695779
3559, 355.795777
3560, 355.895776
3561, 355.995776
3562, 356.095783
3563, 356.195773
3564, 356.295773
3565, 356.395780
3566, 356.495780
3567, 356.595778
3568, 356.695768
3569, 356.795766
3570, 356.895776
3571, 356.995774
3572, 357.095772
3573, 357.195780
3574, 357.295767
3575, 357.395759
3576, 357.495759
3577, 357.595767
3578, 357.695757
3579, 357.795755
3580, 357.895764
3581, 357.995763
3582, 358.095752
3583, 358.195750
3584, 358.295766
3585, 358.395748
3586, 358.495747
3587, 358.595744
3588, 358.695745
3589, 358.795743
3590, 358.895752
3591, 358.995750
3592, 359.095740
3593, 359.195739
3594, 359.295737
3595, 359.395737
3596, 359.495734
3597, 359.595744
3598, 359.695733
3599, 359.795732
3600, 359.895730
3601, 359.995729
3602, 360.095727
3603, 360.195726
3604, 360.295732
3605, 360.395739
3606, 360.495731
3607, 360.595722
3608, 360.695721
3609, 360.795720
3610, 360.895710
3611, 360.995708
3612, 361.095707
3613, 361.195710
3614, 361.295705
3615, 361.395722
3616, 361.495720
3617, 361.595709
3618, 361.695709
3619, 361.795708
3620, 361.895707
3621, 361.995705
3622, 362.095705
3623, 362.195703
3624, 362.295710
3625, 362.395707
3626, 362.495707
3627, 362.595712
3628, 362.695695
3629, 362.795696
3630, 362.895686
3631, 362.995685
3632, 363.095683
3633, 363.195685
3634, 363.295685
3635, 363.395680
3636, 363.495679
3637, 363.595678
3638, 363.695684
3639, 363.795684
3640, 363.895683
3641, 363.995682
3642, 364.095681
3643, 364.195680
3644, 364.295686
3645, 364.395678
3646, 364.495677
3647, 364.595676
3648, 364.695674
3649, 364.795681
3650, 364.895671
3651, 364.995671
3652, 365.095670
3653, 365.195667
3654, 365.295670
3655, 365.395665
3656, 365.495664
3657, 365.595664
3658, 365.695662
3659, 365.795671
3660, 365.895678
3661, 365.995659
3662, 366.095657
3663, 366.195656
3664, 366.295664
3665, 366.395654
3666, 366.495653
3667, 366.595662
3668, 366.695662
3669, 366.795659
3670, 366.895648
3671, 366.995664
3672, 367.095656
3673, 367.195655
3674, 367.295646
3675, 367.395643
3676, 367.495642
3677, 367.595648
3678, 367.695639
3679, 367.795637
3680, 367.895637
3681, 367.995636
3682, 368.095643
3683, 368.195633
3684, 368.295632
3685, 368.395633
3686, 368.495630
3687, 368.595628
3688, 368.695627
3689, 368.795626
3690, 368.895626
3691, 368.995634
3692, 369.095622
3693, 369.195629
3694, 369.295620
3695, 369.395619
3696, 369.495619
3697, 369.595617
3698, 369.695617
3699, 369.795615
3700, 369.895613
3701, 369.995612
3702, 370.095611
3703, 370.195610
3704, 370.295617
3705, 370.395608
3706, 370.495607
3707, 370.595606
3708, 370.695604
3709, 370.795604
3710, 370.895602
3711, 370.995610
3712, 371.095610
3713, 371.195609
3714, 371.295600
3715, 371.395605
3716, 371.495604
3717, 371.595603
3718, 371.695593
3719, 371.795591
3720, 371.895590
3721, 371.995589
3722, 372.095588
3723, 372.195586
3724, 372.295585
3725, 372.395592
3726, 372.495584
3727, 372.595592
3728, 372.695588
3729, 372.795589
3730, 372.895579
3731, 372.995575
3732, 373.095573
3733, 373.195573
3734, 373.295571
3735, 373.395566
3736, 373.495572
3737, 373.595571
3738, 373.695571
3739, 373.795569
3740, 373.895567
3741, 373.995559
3742, 374.095565
3743, 374.195563
3744, 374.295570
3745, 374.395562
3746, 374.495569
3747, 374.595568
3748, 374.695557
3749, 374.795556
3750, 374.895555
3751, 374.995560
3752, 375.095558
3753, 375.195556
3754, 375.295551
3755, 375.395558
3756, 375.495548
3757, 375.595547
3758, 375.695555
3759, 375.795546
3760, 375.895544
3761, 375.995550
3762, 376.095549
3763, 376.195548
3764, 376.295540
3765, 376.395539
3766, 376.495537
3767, 376.595536
3768, 376.695535
3769, 376.795539
3770, 376.895532
3771, 376.995541
3772, 377.095531
3773, 377.195530
3774, 377.295535
3775, 377.395528
3776, 377.495525
3777, 377.595532
3778, 377.695523
3779, 377.795523
3780, 377.895530
3781, 377.995530
3782, 378.095518
3783, 378.195517
3784, 378.295517
3785, 378.395516
3786, 378.495513
3787, 378.595523
3788, 378.695522
3789, 378.795522
3790, 378.895509
3791, 378.995527
3792, 379.095517
3793, 379.195506
3794, 379.295505
3795, 379.395504
3796, 379.495503
3797, 379.595502
3798, 379.695500
3799, 379.795500
3800, 379.895499
3801, 379.995498
3802, 380.095498
3803, 380.195495
3804, 380.295501
3805, 380.395500
3806, 380.495492
3807, 380.595491
3808, 380.695490
3809, 380.795488
3810, 380.895486
3811, 380.995496
3812, 381.095493
3813, 381.195483
3814, 381.295481
3815, 381.395483
3816, 381.495481
3817, 381.595479
3818, 381.695478
3819, 381.795475
3820, 381.895475
3821, 381.995474
3822, 382.095473
3823, 382.195481
3824, 382.295478
3825, 382.395470
3826, 382.495468
3827, 382.595468
3828, 382.695465
3829, 382.795466
3830, 382.895464
3831, 382.995471
3832, 383.095464
3833, 383.195460
3834, 383.295467
3835, 383.395459
3836, 383.495458
3837, 383.595456
3838, 383.695455
3839, 383.795454
3840, 383.895453
3841, 383.995452
3842, 384.095451
3843, 384.195449
3844, 384.295456
3845, 384.395461
3846, 384.495445
3847, 384.595455
3848, 384.695454
3849, 384.795453
3850, 384.895451
3851, 384.995450
3852, 385.095439
3853, 385.195438
3854, 385.295446
3855, 385.395435
3856, 385.495442
3857, 385.595433
3858, 385.695433
3859, 385.795431
3860, 385.895430
3861, 385.995429
3862, 386.095427
3863, 386.195426
3864, 386.295424
3865, 386.395424
3866, 386.495422
3867, 386.595431
3868, 386.695421
3869, 386.795416
3870, 386.895418
3871, 386.995427
3872, 387.095425
3873, 387.195424
3874, 387.295413
3875, 387.395413
3876, 387.495411
3877, 387.595418
3878, 387.695417
3879, 387.795407
3880, 387.895406
3881, 387.995405
3882, 388.095404
3883, 388.195403
3884, 388.295401
3885, 388.395401
3886, 388.495400
3887, 388.595398
3888, 388.695397
3889, 388.795404
3890, 388.895394
3891, 388.995393
3892, 389.095401
3893, 389.195401
3894, 389.295389
3895, 389.395389
3896, 389.495388
3897, 389.595387
3898, 389.695385
3899, 389.795383
3900, 389.895391
3901, 389.995383
3902, 390.095380
3903, 390.195379
3904, 390.295378
3905, 390.395377
3906, 390.495375
3907, 390.595385
3908, 390.695383
3909, 390.795382
3910, 390.895380
3911, 390.995378
3912, 391.095380
3913, 391.195378
3914, 391.295366
3915, 391.395365
3916, 391.495364
3917, 391.595363
3918, 391.695361
3919, 391.795359
3920, 391.895360
3921, 391.995358
3922, 392.095357
3923, 392.195356
3924, 392.295362
3925, 392.395360
3926, 392.495352
3927, 392.595353
3928, 392.695338
3929, 392.795349
3930, 392.895347
3931, 392.995346
3932, 393.095354
3933, 393.195344
3934, 393.295342
3935, 393.395352
3936, 393.495341
3937, 393.595340
3938, 393.695338
3939, 393.795338
3940, 393.895337
3941, 393.995335
3942, 394.095334
3943, 394.195341
3944, 394.295332
3945, 394.395331
3946, 394.495329
3947, 394.595329
3948, 394.695327
3949, 394.795326
3950, 394.895324
3951, 394.995324
3952, 395.095329
3953, 395.195321
3954, 395.295328
3955, 395.395287
3956, 395.495317
3957, 395.595326
3958, 395.695315
3959, 395.795315
3960, 395.895313
3961, 395.995312
3962, 396.095320
3963, 396.195319
3964, 396.295311
3965, 396.395315
3966, 396.495306
3967, 396.595310
3968, 396.695314
3969, 396.795305
3970, 396.895311
3971, 396.995300
3972, 397.095299
3973, 397.195299
3974, 397.295296
3975, 397.395306
3976, 397.495302
3977, 397.595293
3978, 397.695299
3979, 397.795291
3980, 397.895289
3981, 397.995289
3982, 398.095295
3983, 398.195295
3984, 398.295285
3985, 398.395285
3986, 398.495291
3987, 398.595283
3988, 398.695282
3989, 398.795280
3990, 398.895278
3991, 398.995277
3992, 399.095280
3993, 399.195275
3994, 399.295273
3995, 399.395273
3996, 399.495272
3997, 399.595278
3998, 399.695276
3999, 399.795268
4000, 399.895267
4001, 399.995266
4002, 400.095264
4003, 400.195264
4004, 400.295270
4005, 400.395261
4006, 400.495260
4007, 400.595258
4008, 400.695267
4009, 400.795257
4010, 400.895255
4011, 400.995255
4012, 401.095264
4013, 401.195254
4014, 401.295257
4015, 401.395251
4016, 401.495241
4017, 401.595241
4018, 401.695242
4019, 401.795245
4020, 401.895245
4021, 401.995253
4022, 402.095244
4023, 402.195242
4024, 402.295239
4025, 402.395238
4026, 402.495238
4027, 402.595246
4028, 402.695248
4029, 402.795234
4030, 402.895241
4031, 402.995232
4032, 403.095234
4033, 403.195229
4034, 403.295235
4035, 403.395234
4036, 403.495226
4037, 403.595225
4038, 403.695232
4039, 403.795223
4040, 403.895221
4041, 403.995228
4042, 404.095218
4043, 404.195218
4044, 404.295224
4045, 404.395216
4046, 404.495214
4047, 404.595213
4048, 404.695223
4049, 404.795210
4050, 404.895210
4051, 404.995210
4052, 405.095219
4053, 405.195206
4054, 405.295204
4055, 405.395204
4056, 405.495203
4057, 405.595202
4058, 405.695211
4059, 405.795200
4060, 405.895198
4061, 405.995197
4062, 406.095195
4063, 406.195203
4064, 406.295194
4065, 406.395193
4066, 406.495191
4067, 406.595190
4068, 406.695199
4069, 406.795188
4070, 406.895186
4071, 406.995186
4072, 407.095195
4073, 407.195194
4074, 407.295189
4075, 407.395184
4076, 407.495179
4077, 407.595185
4078, 407.695178
4079, 407.795177
4080, 407.895175
4081, 407.995174
4082, 408.095172
4083, 408.195171
4084, 408.295172
4085, 408.395177
4086, 408.495168
4087, 408.595177
4088, 408.695176
4089, 408.795174
4090, 408.895173
4091, 408.995163
4092, 409.095229
4093, 409.195160
4094, 409.295158
4095, 409.395159
4096, 409.495157
4097, 409.595156
4098, 409.695154
4099, 409.795154
4100, 409.895153
4101, 409.995151
4102, 410.095150
4103, 410.195149
4104, 410.295154
4105, 410.395154
4106, 410.495159
4107, 410.595144
4108, 410.695145
4109, 410.795143
4110, 410.895140
4111, 410.995140
4112, 411.095145
4113, 411.195137
4114, 411.295143
4115, 411.395135
4116, 411.495134
4117, 411.595141
4118, 411.695131
4119, 411.795131
4120, 411.895130
4121, 411.995129
4122, 412.095127
4123, 412.195127
4124, 412.295131
4125, 412.395124
4126, 412.495123
4127, 412.595121
4128, 412.695145
4129, 412.795127
4130, 412.895115
4131, 412.995119
4132, 413.095118
4133, 413.195110
4134, 413.295105
4135, 413.395108
4136, 413.495106
4137, 413.595112
4138, 413.695112
4139, 413.795119
4140, 413.895110
4141, 413.995109
4142, 414.095108
4143, 414.195108
4144, 414.295106
4145, 414.395105
4146, 414.495109
4147, 414.595101
4148, 414.695100
4149, 414.795100
4150, 414.895102
4151, 414.995102
4152, 415.095100
4153, 415.195099
4154, 415.295097
4155, 415.395096
4156, 415.495096
4157, 415.595095
4158, 415.695094
4159, 415.795094
4160, 415.895093
4161, 415.995100
4162, 416.095090
4163, 416.195091
4164, 416.295090
4165, 416.395088
4166, 416.495086
4167, 416.595087
4168, 416.695086
4169, 416.795085
4170, 416.895084
4171, 416.995084
4172, 417.095091
4173, 417.195092
4174, 417.295080
4175, 417.395081
4176, 417.495079
4177, 417.595086
4178, 417.695081
4179, 417.795074
4180, 417.895074
4181, 417.995073
4182, 418.095071
4183, 418.195074
4184, 418.295063
4185, 418.395062
4186, 418.495061
4187, 418.595065
4188, 418.695063
4189, 418.795065
4190, 418.895064
4191, 418.995070
4192, 419.095069
4193, 419.195061
4194, 419.295058
4195, 419.395062
4196, 419.495053
4197, 419.595054
4198, 419.695064
4199, 419.795064
4200, 419.895063
4201, 419.995062
4202, 420.095061
4203, 420.195053
4204, 420.295048
4205, 420.395065
4206, 420.495057
4207, 420.595050
4208, 420.695050
4209, 420.795048
4210, 420.895047
4211, 420.995053
4212, 421.095054
4213, 421.195044
4214, 421.295046
4215, 421.395050
4216, 421.495036
4217, 421.595037
4218, 421.695042
4219, 421.795040
4220, 421.895041
4221, 421.995039
4222, 422.095039
4223, 422.195038
4224, 422.295038
4225, 422.395037
4226, 422.495044
4227, 422.595034
4228, 422.695023
4229, 422.795034
4230, 422.895031
4231, 422.995032
4232, 423.095031
4233, 423.195040
4234, 423.295026
4235, 423.395026
4236, 423.495026
4237, 423.595034
4238, 423.695025
4239, 423.795024
4240, 423.895024
4241, 423.995023
4242, 424.095021
4243, 424.195031
4244, 424.295020
4245, 424.395030
4246, 424.495027
4247, 424.595028
4248, 424.695035
4249, 424.795026
4250, 424.895015
4251, 424.995014
4252, 425.095014
4253, 425.195022
4254, 425.295011
4255, 425.395010
4256, 425.495014
4257, 425.595009
4258, 425.695008
