1, 0.000000
2, 0.099998
3, 0.199997
4, 0.300003
5, 0.399997
6, 0.500004
7, 0.600002
8, 0.700001
9, 0.800001
10, 0.899999
11, 1.000000
12, 1.099999
13, 1.199998
14, 1.299996
15, 1.400007
16, 1.500003
17, 1.600002
18, 1.699990
19, 1.799990
20, 1.899989
21, 1.999989
22, 2.099988
23, 2.199986
24, 2.299995
25, 2.399985
26, 2.499993
27, 2.599984
28, 2.699983
29, 2.799981
30, 2.899982
31, 2.999980
32, 3.099979
33, 3.199978
34, 3.299978
35, 3.399977
36, 3.499987
37, 3.599985
38, 3.699974
39, 3.799973
40, 3.899983
41, 3.999972
42, 4.099971
43, 4.199970
44, 4.299969
45, 4.399969
46, 4.499968
47, 4.599975
48, 4.699966
49, 4.799965
50, 4.899965
51, 4.999963
52, 5.099963
53, 5.199962
54, 5.299961
55, 5.399960
56, 5.499969
57, 5.599969
58, 5.699966
59, 5.799957
60, 5.899957
61, 5.999954
62, 6.099954
63, 6.199953
64, 6.299952
65, 6.399952
66, 6.499951
67, 6.599949
68, 6.699949
69, 6.799956
70, 6.899947
71, 6.999947
72, 7.099943
73, 7.199945
74, 7.299945
75, 7.399943
76, 7.499952
77, 7.599941
78, 7.699941
79, 7.799940
80, 7.899948
81, 7.999937
82, 8.099937
83, 8.199936
84, 8.299935
85, 8.399934
86, 8.499935
87, 8.599932
88, 8.699931
89, 8.799931
90, 8.899931
91, 8.999938
92, 9.099928
93, 9.199928
94, 9.299926
95, 9.399925
96, 9.499935
97, 9.599934
98, 9.699924
99, 9.799922
100, 9.899921
101, 9.999920
102, 10.099928
103, 10.199919
104, 10.299918
105, 10.399917
106, 10.499917
107, 10.599915
108, 10.699922
109, 10.799914
110, 10.899923
111, 10.999912
112, 11.099912
113, 11.199919
114, 11.299909
115, 11.399918
116, 11.499918
117, 11.599907
118, 11.699916
119, 11.799915
120, 11.899909
121, 11.999903
122, 12.099903
123, 12.199902
124, 12.299910
125, 12.399899
126, 12.499898
127, 12.599898
128, 12.699907
129, 12.799898
130, 12.899905
131, 12.999895
132, 13.099895
133, 13.199893
134, 13.299893
135, 13.399900
136, 13.499895
137, 13.599895
138, 13.699888
139, 13.799888
140, 13.899887
141, 13.999886
142, 14.099887
143, 14.199885
144, 14.299884
145, 14.399882
146, 14.499890
147, 14.599881
148, 14.699880
149, 14.799880
150, 14.899889
151, 14.999877
152, 15.099876
153, 15.199876
154, 15.299875
155, 15.399874
156, 15.499884
157, 15.599882
158, 15.699871
159, 15.799871
160, 15.899870
161, 15.999869
162, 16.099869
163, 16.199868
164, 16.299866
165, 16.399866
166, 16.499868
167, 16.599881
168, 16.699863
169, 16.799873
170, 16.899873
171, 16.999861
172, 17.099861
173, 17.199869
174, 17.299858
175, 17.399858
176, 17.499866
177, 17.599857
178, 17.699871
179, 17.799854
180, 17.899853
181, 17.999852
182, 18.099852
183, 18.199850
184, 18.299849
185, 18.399850
186, 18.499847
187, 18.599847
188, 18.699846
189, 18.799854
190, 18.899845
191, 18.999843
192, 19.099842
193, 19.199842
194, 19.299841
195, 19.399839
196, 19.499850
197, 19.599848
198, 19.699839
199, 19.799836
200, 19.899845
201, 19.999845
202, 20.099834
203, 20.199833
204, 20.299832
205, 20.399831
206, 20.499830
207, 20.599830
208, 20.699838
209, 20.799837
210, 20.899837
211, 20.999837
212, 21.099835
213, 21.199825
214, 21.299824
215, 21.399823
216, 21.499821
217, 21.599831
218, 21.699820
219, 21.799820
220, 21.899819
221, 21.999835
222, 22.099828
223, 22.199816
224, 22.299815
225, 22.399814
226, 22.499813
227, 22.599822
228, 22.699812
229, 22.799811
230, 22.899811
231, 22.999819
232, 23.099825
233, 23.199808
234, 23.299807
235, 23.399816
236, 23.499805
237, 23.599815
238, 23.699804
239, 23.799802
240, 23.899802
241, 23.999812
242, 24.099811
243, 24.199808
244, 24.299799
245, 24.399798
246, 24.499797
247, 24.599796
248, 24.699795
249, 24.799794
250, 24.899794
251, 24.999793
252, 25.099792
253, 25.199791
254, 25.299811
255, 25.399799
256, 25.499798
257, 25.599798
258, 25.699787
259, 25.799786
260, 25.899785
261, 25.999785
262, 26.099783
263, 26.199782
264, 26.299782
265, 26.399789
266, 26.499781
267, 26.599779
268, 26.699779
269, 26.799777
270, 26.899774
271, 26.999771
272, 27.099772
273, 27.199770
274, 27.299770
275, 27.399769
276, 27.499773
277, 27.599764
278, 27.699771
279, 27.799770
280, 27.899769
281, 27.999772
282, 28.099771
283, 28.199772
284, 28.299771
285, 28.399764
286, 28.499764
287, 28.599771
288, 28.699762
289, 28.799761
290, 28.899766
291, 28.999770
292, 29.099770
293, 29.199767
294, 29.299766
295, 29.399765
296, 29.499756
297, 29.599755
298, 29.699762
299, 29.799753
300, 29.899752
301, 29.999750
302, 30.099750
303, 30.199749
304, 30.299749
305, 30.399748
306, 30.499748
307, 30.599745
308, 30.699755
309, 30.799720
310, 30.899744
311, 30.999743
312, 31.099742
313, 31.199742
314, 31.299740
315, 31.399740
316, 31.499738
317, 31.599747
318, 31.699738
319, 31.799736
320, 31.899743
321, 31.999744
322, 32.099744
323, 32.199745
324, 32.299741
325, 32.399741
326, 32.499730
327, 32.599729
328, 32.699740
329, 32.799738
330, 32.899738
331, 32.999727
332, 33.099727
333, 33.199724
334, 33.299724
335, 33.399732
336, 33.499722
337, 33.599731
338, 33.699721
339, 33.799720
340, 33.899718
341, 33.999726
342, 34.099717
343, 34.199716
344, 34.299715
345, 34.399715
346, 34.499714
347, 34.599714
348, 34.699712
349, 34.799711
350, 34.899710
351, 34.999710
352, 35.099717
353, 35.199709
354, 35.299706
355, 35.399715
356, 35.499706
357, 35.599714
358, 35.699714
359, 35.799703
360, 35.899702
361, 35.999701
362, 36.099700
363, 36.199708
364, 36.299698
365, 36.399698
366, 36.499699
367, 36.599696
368, 36.699696
369, 36.799694
370, 36.899693
371, 36.999702
372, 37.099702
373, 37.199691
374, 37.299698
375, 37.399689
376, 37.499688
377, 37.599698
378, 37.699687
379, 37.799686
380, 37.899685
381, 37.999683
382, 38.099683
383, 38.199682
384, 38.299682
385, 38.399689
386, 38.499681
387, 38.599679
388, 38.699689
389, 38.799687
390, 38.899686
391, 38.999686
392, 39.099685
393, 39.199684
394, 39.299683
395, 39.399683
396, 39.499681
397, 39.599681
398, 39.699680
399, 39.799669
400, 39.899668
401, 39.999667
402, 40.099667
403, 40.199666
404, 40.299666
405, 40.399664
406, 40.499663
407, 40.599671
408, 40.699662
409, 40.799662
410, 40.899659
411, 40.999658
412, 41.099658
413, 41.199667
414, 41.299657
415, 41.399656
416, 41.499655
417, 41.599654
418, 41.699660
419, 41.799652
420, 41.899651
421, 41.999650
422, 42.099650
423, 42.199659
424, 42.299657
425, 42.399647
426, 42.499646
427, 42.599645
428, 42.699663
429, 42.799644
430, 42.899642
431, 42.999641
432, 43.099641
433, 43.199650
434, 43.299650
435, 43.399640
436, 43.499638
437, 43.599637
438, 43.699646
439, 43.799643
440, 43.899634
441, 43.999633
442, 44.099633
443, 44.199642
444, 44.299641
445, 44.399626
446, 44.499627
447, 44.599624
448, 44.699619
449, 44.799619
450, 44.899619
451, 44.999617
452, 45.099615
453, 45.199620
454, 45.299620
455, 45.399622
456, 45.499621
457, 45.599620
458, 45.699626
459, 45.799624
460, 45.899624
461, 45.999630
462, 46.099623
463, 46.199621
464, 46.299614
465, 46.399614
466, 46.499612
467, 46.599612
468, 46.699611
469, 46.799610
470, 46.899609
471, 46.999608
472, 47.099614
473, 47.199606
474, 47.299605
475, 47.399615
476, 47.499604
477, 47.599603
478, 47.699614
479, 47.799611
480, 47.899609
481, 47.999607
482, 48.099599
483, 48.199606
484, 48.299597
485, 48.399596
486, 48.499595
487, 48.599594
488, 48.699593
489, 48.799593
490, 48.899592
491, 48.999592
492, 49.099591
493, 49.199589
494, 49.299596
495, 49.399588
496, 49.499597
497, 49.599586
498, 49.699592
499, 49.799591
500, 49.899591
501, 49.999580
502, 50.099591
503, 50.199591
504, 50.299591
505, 50.399588
506, 50.499579
507, 50.599578
508, 50.699588
509, 50.799576
510, 50.899575
511, 50.999574
512, 51.099573
513, 51.199573
514, 51.299572
515, 51.399571
516, 51.499579
517, 51.599569
518, 51.699576
519, 51.799576
520, 51.899575
521, 51.999576
522, 52.099575
523, 52.199565
524, 52.299563
525, 52.399562
526, 52.499561
527, 52.599569
528, 52.699560
529, 52.799560
530, 52.899559
531, 52.999558
532, 53.099556
533, 53.199556
534, 53.299556
535, 53.399554
536, 53.499554
537, 53.599553
538, 53.699559
539, 53.799559
540, 53.899557
541, 53.999557
542, 54.099549
543, 54.199548
544, 54.299546
545, 54.399547
546, 54.499546
547, 54.599545
548, 54.699553
549, 54.799543
550, 54.899543
551, 54.999542
552, 55.099540
553, 55.199540
554, 55.299538
555, 55.399537
556, 55.499538
557, 55.599536
558, 55.699546
559, 55.799551
560, 55.899544
561, 55.999533
562, 56.099531
563, 56.199540
564, 56.299539
565, 56.399529
566, 56.499529
567, 56.599529
568, 56.699538
569, 56.799535
570, 56.899536
571, 56.999524
572, 57.099524
573, 57.199532
574, 57.299532
575, 57.399530
576, 57.499530
577, 57.599519
578, 57.699529
579, 57.799527
580, 57.899527
581, 57.999525
582, 58.099516
583, 58.199525
584, 58.299513
585, 58.399512
586, 58.499512
587, 58.599511
588, 58.699510
589, 58.799519
590, 58.899510
591, 58.999504
592, 59.099515
593, 59.199507
594, 59.299505
595, 59.399509
596, 59.499515
597, 59.599513
598, 59.699505
599, 59.799502
600, 59.899500
601, 59.999510
602, 60.099498
603, 60.199507
604, 60.299507
605, 60.399496
606, 60.499495
607, 60.599494
608, 60.699501
609, 60.799504
610, 60.899502
611, 60.999501
612, 61.099500
613, 61.199500
614, 61.299506
615, 61.399485
616, 61.499489
617, 61.599486
618, 61.699485
619, 61.799484
620, 61.899483
621, 61.999482
622, 62.099482
623, 62.199480
624, 62.299480
625, 62.399488
626, 62.499488
627, 62.599477
628, 62.699485
629, 62.799476
630, 62.899475
631, 62.999474
632, 63.099472
633, 63.199472
634, 63.299471
635, 63.399470
636, 63.499478
637, 63.599469
638, 63.699468
639, 63.799478
640, 63.899477
641, 63.999465
642, 64.099465
643, 64.199464
644, 64.299463
645, 64.399462
646, 64.499462
647, 64.599477
648, 64.699459
649, 64.799459
650, 64.899458
651, 64.999457
652, 65.099456
653, 65.199455
654, 65.299454
655, 65.399453
656, 65.499453
657, 65.599452
658, 65.699451
659, 65.799462
660, 65.899449
661, 65.999448
662, 66.099447
663, 66.199447
664, 66.299446
665, 66.399444
666, 66.499444
667, 66.599443
668, 66.699459
669, 66.799441
670, 66.899441
671, 66.999440
672, 67.099438
673, 67.199448
674, 67.299447
675, 67.399436
676, 67.499435
677, 67.599444
678, 67.699444
679, 67.799450
680, 67.899443
681, 67.999431
682, 68.099431
683, 68.199430
684, 68.299439
685, 68.399428
686, 68.499427
687, 68.599426
688, 68.699435
689, 68.799434
690, 68.899433
691, 68.999423
692, 69.099427
693, 69.199425
694, 69.299420
695, 69.399419
696, 69.499418
697, 69.599418
698, 69.699421
699, 69.799426
700, 69.899415
701, 69.999422
702, 70.099414
703, 70.199413
704, 70.299412
705, 70.399411
706, 70.499411
707, 70.599409
708, 70.699413
709, 70.799407
710, 70.899406
711, 70.999406
712, 71.099405
713, 71.199403
714, 71.299403
715, 71.399411
716, 71.499401
717, 71.599400
718, 71.699400
719, 71.799409
720, 71.899398
721, 71.999397
722, 72.099405
723, 72.199395
724, 72.299395
725, 72.399393
726, 72.499392
727, 72.599392
728, 72.699392
729, 72.799387
730, 72.899390
731, 72.999389
732, 73.099391
733, 73.199397
734, 73.299390
735, 73.399389
736, 73.499389
737, 73.599383
738, 73.699384
739, 73.799392
740, 73.899380
741, 73.999380
742, 74.099379
743, 74.199378
744, 74.299386
745, 74.399387
746, 74.499385
747, 74.599384
748, 74.699375
749, 74.799384
750, 74.899383
751, 74.999371
752, 75.099376
753, 75.199373
754, 75.299369
755, 75.399376
756, 75.499367
757, 75.599366
758, 75.699374
759, 75.799373
760, 75.899375
761, 75.999372
762, 76.099372
763, 76.199361
764, 76.299361
765, 76.399360
766, 76.499367
767, 76.599357
768, 76.699357
769, 76.799356
770, 76.899356
771, 76.999356
772, 77.099354
773, 77.199353
774, 77.299352
775, 77.399351
776, 77.499351
777, 77.599358
778, 77.699349
779, 77.799357
780, 77.899353
781, 77.999345
782, 78.099352
783, 78.199351
784, 78.299351
785, 78.399344
786, 78.499342
787, 78.599333
788, 78.699333
789, 78.799333
790, 78.899333
791, 78.999338
792, 79.099336
793, 79.199336
794, 79.299335
795, 79.399334
796, 79.499333
797, 79.599332
798, 79.699339
799, 79.799347
800, 79.899339
801, 79.999328
802, 80.099328
803, 80.199327
804, 80.299325
805, 80.399326
806, 80.499325
807, 80.599323
808, 80.699322
809, 80.799321
810, 80.899338
811, 80.999330
812, 81.099319
813, 81.199328
814, 81.299328
815, 81.399317
816, 81.499315
817, 81.599316
818, 81.699315
819, 81.799314
820, 81.899323
821, 81.999319
822, 82.099310
823, 82.199310
824, 82.299308
825, 82.399308
826, 82.499307
827, 82.599306
828, 82.699313
829, 82.799302
830, 82.899304
831, 82.999303
832, 83.099302
833, 83.199302
834, 83.299300
835, 83.399310
836, 83.499298
837, 83.599298
838, 83.699302
839, 83.799296
840, 83.899306
841, 83.999295
842, 84.099302
843, 84.199293
844, 84.299292
845, 84.399292
846, 84.499291
847, 84.599289
848, 84.699289
849, 84.799288
850, 84.899287
851, 84.999287
852, 85.099285
853, 85.199294
854, 85.299283
855, 85.399283
856, 85.499281
857, 85.599281
858, 85.699281
859, 85.799279
860, 85.899288
861, 85.999277
862, 86.099276
863, 86.199276
864, 86.299283
865, 86.399274
866, 86.499273
867, 86.599273
868, 86.699272
869, 86.799271
870, 86.899270
871, 86.999268
872, 87.099267
873, 87.199267
874, 87.299267
875, 87.399274
876, 87.499264
877, 87.599263
878, 87.699267
879, 87.799269
880, 87.899262
881, 87.999264
882, 88.099258
883, 88.199259
884, 88.299257
885, 88.399256
886, 88.499264
887, 88.599255
888, 88.699254
889, 88.799253
890, 88.899252
891, 88.999251
892, 89.099250
893, 89.199249
894, 89.299248
895, 89.399247
896, 89.499249
897, 89.599255
898, 89.699245
899, 89.799244
900, 89.899250
901, 89.999242
902, 90.099252
903, 90.199251
904, 90.299239
905, 90.399239
906, 90.499239
907, 90.599237
908, 90.699244
909, 90.799235
910, 90.899235
911, 90.999233
912, 91.099232
913, 91.199232
914, 91.299231
915, 91.399240
916, 91.499229
917, 91.599229
918, 91.699237
919, 91.799237
920, 91.899236
921, 91.999225
922, 92.099224
923, 92.199223
924, 92.299222
925, 92.399221
926, 92.499223
927, 92.599220
928, 92.699219
929, 92.799227
930, 92.899218
931, 92.999217
932, 93.099215
933, 93.199215
934, 93.299214
935, 93.399214
936, 93.499212
937, 93.599212
938, 93.699211
939, 93.799211
940, 93.899227
941, 93.999208
942, 94.099207
943, 94.199206
944, 94.299205
945, 94.399215
946, 94.499214
947, 94.599214
948, 94.699202
949, 94.799201
950, 94.899200
951, 94.999208
952, 95.099199
953, 95.199198
954, 95.299198
955, 95.399206
956, 95.499196
957, 95.599195
958, 95.699204
959, 95.799193
960, 95.899201
961, 95.999192
962, 96.099198
963, 96.199189
964, 96.299188
965, 96.399190
966, 96.499188
967, 96.599187
968, 96.699185
969, 96.799184
970, 96.899183
971, 96.999183
972, 97.099191
973, 97.199198
974, 97.299180
975, 97.399180
976, 97.499178
977, 97.599177
978, 97.699177
979, 97.799176
980, 97.899184
981, 97.999185
982, 98.099184
983, 98.199172
984, 98.299179
985, 98.399171
986, 98.499170
987, 98.599169
988, 98.699178
989, 98.799177
990, 98.899166
991, 98.999166
992, 99.099164
993, 99.199165
994, 99.299163
995, 99.399169
996, 99.499162
997, 99.599161
998, 99.699160
999, 99.799159
1000, 99.899169
1001, 99.999167
1002, 100.099157
1003, 100.199156
1004, 100.299154
1005, 100.399154
1006, 100.499161
1007, 100.599153
1008, 100.699164
1009, 100.799151
1010, 100.899151
1011, 100.999159
1012, 101.099148
1013, 101.199156
1014, 101.299144
1015, 101.399146
1016, 101.499144
1017, 101.599153
1018, 101.699143
1019, 101.799142
1020, 101.899151
1021, 101.999148
1022, 102.099140
1023, 102.199138
1024, 102.299137
1025, 102.399138
1026, 102.499145
1027, 102.599136
1028, 102.699143
1029, 102.799134
1030, 102.899133
1031, 102.999132
1032, 103.099131
1033, 103.199131
1034, 103.299139
1035, 103.399138
1036, 103.499128
1037, 103.599127
1038, 103.699137
1039, 103.799135
1040, 103.899134
1041, 103.999134
1042, 104.099133
1043, 104.199133
1044, 104.299131
1045, 104.399120
1046, 104.499129
1047, 104.599119
1048, 104.699118
1049, 104.799135
1050, 104.899117
1051, 104.999115
1052, 105.099114
1053, 105.199114
1054, 105.299113
1055, 105.399112
1056, 105.499111
1057, 105.599111
1058, 105.699110
1059, 105.799108
1060, 105.899116
1061, 105.999117
1062, 106.099116
1063, 106.199106
1064, 106.299106
1065, 106.399104
1066, 106.499104
1067, 106.599102
1068, 106.699101
1069, 106.799101
1070, 106.899100
1071, 106.999108
1072, 107.099098
1073, 107.199098
1074, 107.299097
1075, 107.399106
1076, 107.499095
1077, 107.599096
1078, 107.699093
1079, 107.799092
1080, 107.899091
1081, 107.999101
1082, 108.099099
1083, 108.199089
1084, 108.299088
1085, 108.399088
1086, 108.499087
1087, 108.599086
1088, 108.699084
1089, 108.799084
1090, 108.899084
1091, 108.999083
1092, 109.099078
1093, 109.199090
1094, 109.299080
1095, 109.399089
1096, 109.499088
1097, 109.599087
1098, 109.699077
1099, 109.799076
1100, 109.899075
1101, 109.999083
1102, 110.099073
1103, 110.199072
1104, 110.299079
1105, 110.399071
1106, 110.499071
1107, 110.599071
1108, 110.699068
1109, 110.799069
1110, 110.899067
1111, 110.999065
1112, 111.099066
1113, 111.199064
1114, 111.299064
1115, 111.399071
1116, 111.499061
1117, 111.599060
1118, 111.699060
1119, 111.799059
1120, 111.899059
1121, 111.999065
1122, 112.099057
1123, 112.199055
1124, 112.299055
1125, 112.399065
1126, 112.499064
1127, 112.599052
1128, 112.699051
1129, 112.799051
1130, 112.899050
1131, 112.999050
1132, 113.099048
1133, 113.199057
1134, 113.299047
1135, 113.399046
1136, 113.499045
1137, 113.599053
1138, 113.699044
1139, 113.799043
1140, 113.899041
1141, 113.999050
1142, 114.099040
1143, 114.199039
1144, 114.299038
1145, 114.399047
1146, 114.499046
1147, 114.599046
1148, 114.699053
1149, 114.799038
1150, 114.899044
1151, 114.999033
1152, 115.099031
1153, 115.199040
1154, 115.299029
1155, 115.399029
1156, 115.499037
1157, 115.599028
1158, 115.699026
1159, 115.799026
1160, 115.899024
1161, 115.999028
1162, 116.099032
1163, 116.199024
1164, 116.299021
1165, 116.399021
1166, 116.499020
1167, 116.599019
1168, 116.699017
1169, 116.799025
1170, 116.899027
1171, 116.999015
1172, 117.099014
1173, 117.199014
1174, 117.299013
1175, 117.399011
1176, 117.499022
1177, 117.599010
1178, 117.699009
1179, 117.799008
1180, 117.899015
1181, 117.999018
1182, 118.099014
1183, 118.199014
1184, 118.299014
1185, 118.399013
1186, 118.499003
1187, 118.599002
1188, 118.699000
1189, 118.799010
1190, 118.899009
1191, 118.999007
1192, 119.098997
1193, 119.198998
1194, 119.298997
1195, 119.399006
1196, 119.498998
1197, 119.598993
1198, 119.699003
1199, 119.799002
1200, 119.899000
1201, 119.999000
1202, 120.099007
1203, 120.198999
1204, 120.298987
1205, 120.398988
1206, 120.498986
1207, 120.598986
1208, 120.698994
1209, 120.798993
1210, 120.898993
1211, 120.998982
1212, 121.098981
1213, 121.198981
1214, 121.298980
1215, 121.398978
1216, 121.498978
1217, 121.598977
1218, 121.698976
1219, 121.798985
1220, 121.898983
1221, 121.998985
1222, 122.098983
1223, 122.198989
1224, 122.298980
1225, 122.398970
1226, 122.498979
1227, 122.598969
1228, 122.698967
1229, 122.798966
1230, 122.898966
1231, 122.998965
1232, 123.098963
1233, 123.198963
1234, 123.298971
1235, 123.398961
1236, 123.498961
1237, 123.598961
1238, 123.698959
1239, 123.798958
1240, 123.898957
1241, 123.998967
1242, 124.098966
1243, 124.198966
1244, 124.298965
1245, 124.398962
1246, 124.498953
1247, 124.598952
1248, 124.698950
1249, 124.798950
1250, 124.898950
1251, 124.998948
1252, 125.098948
1253, 125.198947
1254, 125.298946
1255, 125.398945
1256, 125.498952
1257, 125.598942
1258, 125.698944
1259, 125.798942
1260, 125.898941
1261, 125.998940
1262, 126.098950
1263, 126.198948
1264, 126.298946
1265, 126.398948
1266, 126.498945
1267, 126.598943
1268, 126.698934
1269, 126.798933
1270, 126.898932
1271, 126.998932
1272, 127.098930
1273, 127.198931
1274, 127.298929
1275, 127.398929
1276, 127.498927
1277, 127.598926
1278, 127.698934
1279, 127.798935
1280, 127.898924
1281, 127.998923
1282, 128.098929
1283, 128.198931
1284, 128.298930
1285, 128.398920
1286, 128.498929
1287, 128.598919
1288, 128.698918
1289, 128.798925
1290, 128.898915
1291, 128.998915
1292, 129.098913
1293, 129.198914
1294, 129.298913
1295, 129.398921
1296, 129.498910
1297, 129.598910
1298, 129.698909
1299, 129.798908
1300, 129.898915
1301, 129.998907
1302, 130.098916
1303, 130.198914
1304, 130.298904
1305, 130.398904
1306, 130.498902
1307, 130.598902
1308, 130.698910
1309, 130.798900
1310, 130.898900
1311, 130.998907
1312, 131.098897
1313, 131.198893
1314, 131.298896
1315, 131.398901
1316, 131.498893
1317, 131.598892
1318, 131.698891
1319, 131.798900
1320, 131.898888
1321, 131.998887
1322, 132.098898
1323, 132.198901
1324, 132.298893
1325, 132.398883
1326, 132.498882
1327, 132.598891
1328, 132.698879
1329, 132.798887
1330, 132.898876
1331, 132.998876
1332, 133.098871
1333, 133.198884
1334, 133.298881
1335, 133.398871
1336, 133.498870
1337, 133.598868
1338, 133.698867
1339, 133.798876
1340, 133.898864
1341, 133.998864
1342, 134.098867
1343, 134.198878
1344, 134.298869
1345, 134.398859
1346, 134.498858
1347, 134.598867
1348, 134.698855
1349, 134.798855
1350, 134.898854
1351, 134.998853
1352, 135.098851
1353, 135.198860
1354, 135.298866
1355, 135.398848
1356, 135.498850
1357, 135.598851
1358, 135.698844
1359, 135.798843
1360, 135.898842
1361, 135.998841
1362, 136.098844
1363, 136.198838
1364, 136.298837
1365, 136.398845
1366, 136.498835
1367, 136.598834
1368, 136.698832
1369, 136.798831
1370, 136.898841
1371, 136.998839
1372, 137.098827
1373, 137.198827
1374, 137.298836
1375, 137.398824
1376, 137.498831
1377, 137.598822
1378, 137.698821
1379, 137.798810
1380, 137.898818
1381, 137.998817
1382, 138.098820
1383, 138.198824
1384, 138.298820
1385, 138.398813
1386, 138.498812
1387, 138.598819
1388, 138.698809
1389, 138.798808
1390, 138.898807
1391, 138.998808
1392, 139.098804
1393, 139.198803
1394, 139.298813
1395, 139.398802
1396, 139.498800
1397, 139.598799
1398, 139.698801
1399, 139.798787
1400, 139.898795
1401, 139.998794
1402, 140.098800
1403, 140.198797
1404, 140.298786
1405, 140.398783
1406, 140.498774
1407, 140.598791
1408, 140.698786
1409, 140.798793
1410, 140.898784
1411, 140.998783
1412, 141.098781
1413, 141.198771
1414, 141.298777
1415, 141.398778
1416, 141.498774
1417, 141.598776
1418, 141.698764
1419, 141.798774
1420, 141.898763
1421, 141.998771
1422, 142.098779
1423, 142.198778
1424, 142.298765
1425, 142.398777
1426, 142.498767
1427, 142.598763
1428, 142.698760
1429, 142.798761
1430, 142.898769
1431, 142.998739
1432, 143.098749
1433, 143.198767
1434, 143.298766
1435, 143.398759
1436, 143.498751
1437, 143.598752
1438, 143.698751
1439, 143.798749
1440, 143.898748
1441, 143.998756
1442, 144.098746
1443, 144.198753
1444, 144.298743
1445, 144.398753
1446, 144.498752
1447, 144.598750
1448, 144.698739
1449, 144.798738
1450, 144.898738
1451, 144.998736
1452, 145.098742
1453, 145.198734
1454, 145.298732
1455, 145.398730
1456, 145.498730
1457, 145.598727
1458, 145.698728
1459, 145.798726
1460, 145.898725
1461, 145.998724
1462, 146.098727
1463, 146.198723
1464, 146.298718
1465, 146.398720
1466, 146.498687
1467, 146.598717
1468, 146.698716
1469, 146.798716
1470, 146.898713
1471, 146.998712
1472, 147.098711
1473, 147.198719
1474, 147.298727
1475, 147.398718
1476, 147.498706
1477, 147.598705
1478, 147.698704
1479, 147.798703
1480, 147.898701
1481, 147.998701
1482, 148.098689
1483, 148.198698
1484, 148.298697
1485, 148.398704
1486, 148.498695
1487, 148.598694
1488, 148.698691
1489, 148.798701
1490, 148.898700
1491, 148.998689
1492, 149.098687
1493, 149.198693
1494, 149.298685
1495, 149.398684
1496, 149.498691
1497, 149.598681
1498, 149.698680
1499, 149.798690
1500, 149.898687
1501, 149.998677
1502, 150.098676
1503, 150.198675
1504, 150.298682
1505, 150.398673
1506, 150.498671
1507, 150.598678
1508, 150.698669
1509, 150.798677
1510, 150.898677
1511, 150.998666
1512, 151.098664
1513, 151.198672
1514, 151.298662
1515, 151.398661
1516, 151.498660
1517, 151.598669
1518, 151.698666
1519, 151.798666
1520, 151.898665
1521, 151.998655
1522, 152.098653
1523, 152.198658
1524, 152.298649
1525, 152.398649
1526, 152.498659
1527, 152.598648
1528, 152.698645
1529, 152.798653
1530, 152.898645
1531, 152.998642
1532, 153.098641
1533, 153.198648
1534, 153.298639
1535, 153.398637
1536, 153.498636
1537, 153.598635
1538, 153.698634
1539, 153.798633
1540, 153.898631
1541, 153.998631
1542, 154.098629
1543, 154.198635
1544, 154.298628
1545, 154.398626
1546, 154.498635
1547, 154.598623
1548, 154.698622
1549, 154.798621
1550, 154.898628
1551, 154.998620
1552, 155.098626
1553, 155.198626
1554, 155.298616
1555, 155.398625
1556, 155.498613
1557, 155.598611
1558, 155.698610
1559, 155.798609
1560, 155.898608
1561, 155.998616
1562, 156.098605
1563, 156.198614
1564, 156.298612
1565, 156.398612
1566, 156.498612
1567, 156.598600
1568, 156.698600
1569, 156.798597
1570, 156.898596
1571, 156.998595
1572, 157.098601
1573, 157.198593
1574, 157.298591
1575, 157.398590
1576, 157.498588
1577, 157.598588
1578, 157.698595
1579, 157.798595
1580, 157.898584
1581, 157.998584
1582, 158.098581
1583, 158.198591
1584, 158.298583
1585, 158.398579
1586, 158.498577
1587, 158.598576
1588, 158.698574
1589, 158.798574
1590, 158.898572
1591, 158.998571
1592, 159.098569
1593, 159.198569
1594, 159.298570
1595, 159.398576
1596, 159.498564
1597, 159.598565
1598, 159.698562
1599, 159.798563
1600, 159.898561
1601, 159.998559
1602, 160.098558
1603, 160.198567
1604, 160.298572
1605, 160.398565
1606, 160.498553
1607, 160.598553
1608, 160.698550
1609, 160.798547
1610, 160.898546
1611, 160.998548
1612, 161.098546
1613, 161.198545
1614, 161.298541
1615, 161.398561
1616, 161.498538
1617, 161.598540
1618, 161.698538
1619, 161.798537
1620, 161.898536
1621, 161.998535
1622, 162.098535
1623, 162.198541
1624, 162.298531
1625, 162.398542
1626, 162.498546
1627, 162.598526
1628, 162.698524
1629, 162.798526
1630, 162.898523
1631, 162.998523
1632, 163.098522
1633, 163.198521
1634, 163.298530
1635, 163.398528
1636, 163.498518
1637, 163.598526
1638, 163.698515
1639, 163.798514
1640, 163.898513
1641, 163.998512
1642, 164.098511
1643, 164.198520
1644, 164.298517
1645, 164.398516
1646, 164.498506
1647, 164.598504
1648, 164.698512
1649, 164.798502
1650, 164.898502
1651, 164.998500
1652, 165.098499
1653, 165.198497
1654, 165.298506
1655, 165.398506
1656, 165.498494
1657, 165.598493
1658, 165.698492
1659, 165.798500
1660, 165.898489
1661, 165.998488
1662, 166.098487
1663, 166.198494
1664, 166.298494
1665, 166.398493
1666, 166.498493
1667, 166.598481
1668, 166.698480
1669, 166.798479
1670, 166.898486
1671, 166.998477
1672, 167.098475
1673, 167.198474
1674, 167.298483
1675, 167.398481
1676, 167.498472
1677, 167.598469
1678, 167.698469
1679, 167.798468
1680, 167.898467
1681, 167.998473
1682, 168.098464
1683, 168.198462
1684, 168.298471
1685, 168.398460
1686, 168.498460
1687, 168.598458
1688, 168.698456
1689, 168.798455
1690, 168.898454
1691, 168.998453
1692, 169.098460
1693, 169.198452
1694, 169.298460
1695, 169.398458
1696, 169.498456
1697, 169.598455
1698, 169.698445
1699, 169.798453
1700, 169.898452
1701, 169.998441
1702, 170.098440
1703, 170.198445
1704, 170.298448
1705, 170.398437
1706, 170.498437
1707, 170.598433
1708, 170.698432
1709, 170.798441
1710, 170.898432
1711, 170.998429
1712, 171.098428
1713, 171.198428
1714, 171.298427
1715, 171.398434
1716, 171.498420
1717, 171.598422
1718, 171.698421
1719, 171.798420
1720, 171.898418
1721, 171.998417
1722, 172.098426
1723, 172.198425
1724, 172.298432
1725, 172.398413
1726, 172.498422
1727, 172.598410
1728, 172.698418
1729, 172.798412
1730, 172.898411
1731, 172.998406
1732, 173.098404
1733, 173.198403
1734, 173.298412
1735, 173.398418
1736, 173.498401
1737, 173.598397
1738, 173.698407
1739, 173.798396
1740, 173.898404
1741, 173.998404
1742, 174.098404
1743, 174.198392
1744, 174.298400
1745, 174.398398
1746, 174.498396
1747, 174.598386
1748, 174.698396
1749, 174.798386
1750, 174.898383
1751, 174.998382
1752, 175.098380
1753, 175.198390
1754, 175.298388
1755, 175.398387
1756, 175.498376
1757, 175.598393
1758, 175.698378
1759, 175.798372
1760, 175.898371
1761, 175.998370
1762, 176.098369
1763, 176.198375
1764, 176.298377
1765, 176.398376
1766, 176.498372
1767, 176.598363
1768, 176.698369
1769, 176.798358
1770, 176.898360
1771, 176.998355
1772, 177.098356
1773, 177.198356
1774, 177.298337
1775, 177.398368
1776, 177.498344
1777, 177.598348
1778, 177.698350
1779, 177.798357
1780, 177.898347
1781, 177.998346
1782, 178.098345
1783, 178.198342
1784, 178.298342
1785, 178.398351
1786, 178.498326
1787, 178.598339
1788, 178.698337
1789, 178.798337
1790, 178.898313
1791, 178.998332
1792, 179.098331
1793, 179.198342
1794, 179.298328
1795, 179.398337
1796, 179.498326
1797, 179.598328
1798, 179.698326
1799, 179.798322
1800, 179.898323
1801, 179.998331
1802, 180.098319
1803, 180.198330
1804, 180.298328
1805, 180.398328
1806, 180.498314
1807, 180.598313
1808, 180.698314
1809, 180.798312
1810, 180.898311
1811, 180.998310
1812, 181.098317
1813, 181.198308
1814, 181.298317
1815, 181.398304
1816, 181.498305
1817, 181.598313
1818, 181.698310
1819, 181.798299
1820, 181.898299
1821, 181.998299
1822, 182.098297
1823, 182.198303
1824, 182.298305
1825, 182.398294
1826, 182.498298
1827, 182.598289
1828, 182.698290
1829, 182.798289
1830, 182.898288
1831, 182.998284
1832, 183.098285
1833, 183.198285
1834, 183.298294
1835, 183.398282
1836, 183.498281
1837, 183.598279
1838, 183.698278
1839, 183.798278
1840, 183.898276
1841, 183.998273
1842, 184.098284
1843, 184.198283
1844, 184.298287
1845, 184.398277
1846, 184.498269
1847, 184.598268
1848, 184.698267
1849, 184.798266
1850, 184.898264
1851, 184.998263
1852, 185.098262
1853, 185.198261
1854, 185.298270
1855, 185.398273
1856, 185.498264
1857, 185.598264
1858, 185.698256
1859, 185.798254
1860, 185.898253
1861, 185.998253
1862, 186.098251
1863, 186.198250
1864, 186.298258
1865, 186.398257
1866, 186.498263
1867, 186.598244
1868, 186.698243
1869, 186.798242
1870, 186.898241
1871, 186.998240
1872, 187.098239
1873, 187.198239
1874, 187.298245
1875, 187.398245
1876, 187.498234
1877, 187.598242
1878, 187.698232
1879, 187.798230
1880, 187.898229
1881, 187.998228
1882, 188.098227
1883, 188.198224
1884, 188.298234
1885, 188.398233
1886, 188.498233
1887, 188.598233
1888, 188.698228
1889, 188.798229
1890, 188.898226
1891, 188.998224
1892, 189.098223
1893, 189.198221
1894, 189.298213
1895, 189.398222
1896, 189.498220
1897, 189.598219
1898, 189.698209
1899, 189.798216
1900, 189.898206
1901, 189.998206
1902, 190.098204
1903, 190.198212
1904, 190.298200
1905, 190.398210
1906, 190.498199
1907, 190.598198
1908, 190.698196
1909, 190.798196
1910, 190.898211
1911, 190.998203
1912, 191.098202
1913, 191.198191
1914, 191.298190
1915, 191.398200
1916, 191.498187
1917, 191.598186
1918, 191.698185
1919, 191.798184
1920, 191.898182
1921, 191.998182
1922, 192.098181
1923, 192.198180
1924, 192.298175
1925, 192.398178
1926, 192.498176
1927, 192.598174
1928, 192.698173
1929, 192.798172
1930, 192.898180
1931, 192.998179
1932, 193.098169
1933, 193.198166
1934, 193.298167
1935, 193.398166
1936, 193.498164
1937, 193.598161
1938, 193.698162
1939, 193.798161
1940, 193.898162
1941, 193.998158
1942, 194.098166
1943, 194.198159
1944, 194.298154
1945, 194.398164
1946, 194.498163
1947, 194.598153
1948, 194.698150
1949, 194.798149
1950, 194.898152
1951, 194.998145
1952, 195.098154
1953, 195.198154
1954, 195.298144
1955, 195.398149
1956, 195.498142
1957, 195.598139
1958, 195.698139
1959, 195.798138
1960, 195.898145
1961, 195.998136
1962, 196.098145
1963, 196.198130
1964, 196.298139
1965, 196.398141
1966, 196.498127
1967, 196.598126
1968, 196.698126
1969, 196.798125
1970, 196.898122
1971, 196.998124
1972, 197.098129
1973, 197.198122
1974, 197.298120
1975, 197.398125
1976, 197.498115
1977, 197.598114
1978, 197.698115
1979, 197.798114
1980, 197.898112
1981, 197.998109
1982, 198.098122
1983, 198.198106
1984, 198.298105
1985, 198.398104
1986, 198.498114
1987, 198.598105
1988, 198.698100
1989, 198.798103
1990, 198.898101
1991, 198.998101
1992, 199.098095
1993, 199.198097
1994, 199.298097
1995, 199.398102
1996, 199.498091
1997, 199.598102
1998, 199.698092
1999, 199.798092
2000, 199.898086
2001, 199.998088
2002, 200.098087
2003, 200.198086
2004, 200.298084
2005, 200.398094
2006, 200.498082
2007, 200.598079
2008, 200.698088
2009, 200.798079
2010, 200.898078
2011, 200.998077
2012, 201.098075
2013, 201.198074
2014, 201.298083
2015, 201.398072
2016, 201.498071
2017, 201.598070
2018, 201.698069
2019, 201.798076
2020, 201.898066
2021, 201.998064
2022, 202.098061
2023, 202.198072
2024, 202.298059
2025, 202.398060
2026, 202.498059
2027, 202.598059
2028, 202.698054
2029, 202.798056
2030, 202.898063
2031, 202.998053
2032, 203.098049
2033, 203.198049
2034, 203.298060
2035, 203.398052
2036, 203.498047
2037, 203.598048
2038, 203.698043
2039, 203.798045
2040, 203.898042
2041, 203.998042
2042, 204.098040
2043, 204.198051
2044, 204.298048
2045, 204.398037
2046, 204.498036
2047, 204.598035
2048, 204.698035
2049, 204.798033
2050, 204.898032
2051, 204.998038
2052, 205.098028
2053, 205.198028
2054, 205.298027
2055, 205.398027
2056, 205.498024
2057, 205.598024
2058, 205.698022
2059, 205.798022
2060, 205.898020
2061, 205.998019
2062, 206.098033
2063, 206.198008
2064, 206.298007
2065, 206.398004
2066, 206.498004
2067, 206.598002
2068, 206.698003
2069, 206.798003
2070, 206.898000
2071, 206.997999
2072, 207.097999
2073, 207.198000
2074, 207.297997
2075, 207.397993
2076, 207.497994
2077, 207.597993
2078, 207.697992
2079, 207.797991
2080, 207.897989
2081, 207.997995
2082, 208.097994
2083, 208.198000
2084, 208.298000
2085, 208.398001
2086, 208.497989
2087, 208.597988
2088, 208.697986
2089, 208.797986
2090, 208.897985
2091, 208.997983
2092, 209.097982
2093, 209.197982
2094, 209.297980
2095, 209.397989
2096, 209.497987
2097, 209.597975
2098, 209.697976
2099, 209.797973
2100, 209.897972
2101, 209.997972
2102, 210.097971
2103, 210.197970
2104, 210.297968
2105, 210.397984
2106, 210.497965
2107, 210.597964
2108, 210.697962
2109, 210.797962
2110, 210.897961
2111, 210.997960
2112, 211.097958
2113, 211.197957
2114, 211.297956
2115, 211.397955
2116, 211.497971
2117, 211.597953
2118, 211.697951
2119, 211.797950
2120, 211.897959
2121, 211.997948
2122, 212.097947
2123, 212.197946
2124, 212.297944
2125, 212.397952
2126, 212.497949
2127, 212.597949
2128, 212.697939
2129, 212.797949
2130, 212.897938
2131, 212.997935
2132, 213.097935
2133, 213.197941
2134, 213.297932
2135, 213.397928
2136, 213.497930
2137, 213.597940
2138, 213.697947
2139, 213.797928
2140, 213.897933
2141, 213.997924
2142, 214.097923
2143, 214.197922
2144, 214.297920
2145, 214.397920
2146, 214.497919
2147, 214.597917
2148, 214.697916
2149, 214.797923
2150, 214.897914
2151, 214.997913
2152, 215.097911
2153, 215.197911
2154, 215.297910
2155, 215.397911
2156, 215.497907
2157, 215.597906
2158, 215.697904
2159, 215.797904
2160, 215.897910
2161, 215.997910
2162, 216.097900
2163, 216.197898
2164, 216.297896
2165, 216.397896
2166, 216.497906
2167, 216.597896
2168, 216.697892
2169, 216.797892
2170, 216.897891
2171, 216.997898
2172, 217.097889
2173, 217.197888
2174, 217.297886
2175, 217.397885
2176, 217.497888
2177, 217.597887
2178, 217.697881
2179, 217.797880
2180, 217.897881
2181, 217.997878
2182, 218.097885
2183, 218.197875
2184, 218.297874
2185, 218.397873
2186, 218.497882
2187, 218.597870
2188, 218.697869
2189, 218.797868
2190, 218.897867
2191, 218.997866
2192, 219.097864
2193, 219.197872
2194, 219.297867
2195, 219.397861
2196, 219.497871
2197, 219.597859
2198, 219.697858
2199, 219.797857
2200, 219.897854
2201, 219.997854
2202, 220.097854
2203, 220.197852
2204, 220.297857
2205, 220.397849
2206, 220.497846
2207, 220.597847
2208, 220.697846
2209, 220.797845
2210, 220.897844
2211, 220.997842
2212, 221.097840
2213, 221.197840
2214, 221.297846
2215, 221.397838
2216, 221.497836
2217, 221.597835
2218, 221.697834
2219, 221.797832
2220, 221.897832
2221, 221.997831
2222, 222.097830
2223, 222.197830
2224, 222.297826
2225, 222.397834
2226, 222.497825
2227, 222.597824
2228, 222.697823
2229, 222.797821
2230, 222.897828
2231, 222.997818
2232, 223.097818
2233, 223.197827
2234, 223.297815
2235, 223.397814
2236, 223.497822
2237, 223.597812
2238, 223.697811
2239, 223.797810
2240, 223.897808
2241, 223.997808
2242, 224.097806
2243, 224.197812
2244, 224.297803
2245, 224.397803
2246, 224.497801
2247, 224.597808
2248, 224.697799
2249, 224.797798
2250, 224.897797
2251, 224.997796
2252, 225.097794
2253, 225.197804
2254, 225.297792
2255, 225.397790
2256, 225.497781
2257, 225.597789
2258, 225.697796
2259, 225.797787
2260, 225.897784
2261, 225.997783
2262, 226.097782
2263, 226.197792
2264, 226.297780
2265, 226.397779
2266, 226.497779
2267, 226.597778
2268, 226.697775
2269, 226.797782
2270, 226.897773
2271, 226.997782
2272, 227.097770
2273, 227.197770
2274, 227.297769
2275, 227.397777
2276, 227.497766
2277, 227.597765
2278, 227.697774
2279, 227.797763
2280, 227.897769
2281, 227.997761
2282, 228.097760
2283, 228.197759
2284, 228.297758
2285, 228.397757
2286, 228.497760
2287, 228.597758
2288, 228.697757
2289, 228.797751
2290, 228.897750
2291, 228.997757
2292, 229.097749
2293, 229.197746
2294, 229.297746
2295, 229.397748
2296, 229.497753
2297, 229.597742
2298, 229.697740
2299, 229.797739
2300, 229.897737
2301, 229.997738
2302, 230.097744
2303, 230.197735
2304, 230.297733
2305, 230.397732
2306, 230.497709
2307, 230.597740
2308, 230.697728
2309, 230.797728
2310, 230.897726
2311, 230.997725
2312, 231.097723
2313, 231.197731
2314, 231.297722
2315, 231.397721
2316, 231.497729
2317, 231.597718
2318, 231.697718
2319, 231.797715
2320, 231.897714
2321, 231.997713
2322, 232.097713
2323, 232.197712
2324, 232.297718
2325, 232.397708
2326, 232.497714
2327, 232.597707
2328, 232.697705
2329, 232.797704
2330, 232.897703
2331, 232.997701
2332, 233.097701
2333, 233.197708
2334, 233.297705
2335, 233.397698
2336, 233.497696
2337, 233.597695
2338, 233.697693
2339, 233.797693
2340, 233.897699
2341, 233.997690
2342, 234.097689
2343, 234.197688
2344, 234.297683
2345, 234.397693
2346, 234.497693
2347, 234.597683
2348, 234.697684
2349, 234.797681
2350, 234.897680
2351, 234.997679
2352, 235.097676
2353, 235.197676
2354, 235.297685
2355, 235.397674
2356, 235.497732
2357, 235.597671
2358, 235.697671
2359, 235.797670
2360, 235.897667
2361, 235.997667
2362, 236.097665
2363, 236.197664
2364, 236.297672
2365, 236.397662
2366, 236.497670
2367, 236.597669
2368, 236.697659
2369, 236.797657
2370, 236.897656
2371, 236.997655
2372, 237.097660
2373, 237.197653
2374, 237.297653
2375, 237.397651
2376, 237.497649
2377, 237.597648
2378, 237.697657
2379, 237.797646
2380, 237.897644
2381, 237.997644
2382, 238.097642
2383, 238.197641
2384, 238.297640
2385, 238.397639
2386, 238.497637
2387, 238.597637
2388, 238.697635
2389, 238.797643
2390, 238.897632
2391, 238.997644
2392, 239.097630
2393, 239.197627
2394, 239.297628
2395, 239.397638
2396, 239.497626
2397, 239.597635
2398, 239.697634
2399, 239.797620
2400, 239.897629
2401, 239.997618
2402, 240.097619
2403, 240.197616
2404, 240.297626
2405, 240.397624
2406, 240.497621
2407, 240.597610
2408, 240.697611
2409, 240.797609
2410, 240.897610
2411, 240.997615
2412, 241.097607
2413, 241.197603
2414, 241.297606
2415, 241.397613
2416, 241.497614
2417, 241.597611
2418, 241.697611
2419, 241.797597
2420, 241.897605
2421, 241.997602
2422, 242.097607
2423, 242.197592
2424, 242.297594
2425, 242.397600
2426, 242.497596
2427, 242.597588
2428, 242.697588
2429, 242.797585
2430, 242.897586
2431, 242.997583
2432, 243.097592
2433, 243.197581
2434, 243.297582
2435, 243.397588
2436, 243.497590
2437, 243.597576
2438, 243.697577
2439, 243.797574
2440, 243.897574
2441, 243.997572
2442, 244.097573
2443, 244.197577
2444, 244.297570
2445, 244.397566
2446, 244.497572
2447, 244.597566
2448, 244.697565
2449, 244.797562
2450, 244.897564
2451, 244.997560
2452, 245.097571
2453, 245.197557
2454, 245.297567
2455, 245.397555
2456, 245.497555
2457, 245.597553
2458, 245.697554
2459, 245.797550
2460, 245.897551
2461, 245.997548
2462, 246.097549
2463, 246.197546
2464, 246.297547
2465, 246.397551
2466, 246.497544
2467, 246.597540
2468, 246.697541
2469, 246.797538
2470, 246.897540
2471, 246.997535
2472, 247.097546
2473, 247.197544
2474, 247.297535
2475, 247.397536
2476, 247.497540
2477, 247.597530
2478, 247.697529
2479, 247.797527
2480, 247.897528
2481, 247.997525
2482, 248.097525
2483, 248.197521
2484, 248.297522
2485, 248.397519
2486, 248.497521
2487, 248.597525
2488, 248.697518
2489, 248.797514
2490, 248.897517
2491, 248.997512
2492, 249.097513
2493, 249.197510
2494, 249.297511
2495, 249.397518
2496, 249.497519
2497, 249.597505
2498, 249.697514
2499, 249.797502
2500, 249.897503
2501, 249.997501
2502, 250.097502
2503, 250.197500
2504, 250.297499
2505, 250.397497
2506, 250.497497
2507, 250.597503
2508, 250.697494
2509, 250.797500
2510, 250.897493
2511, 250.997489
2512, 251.097490
2513, 251.197486
2514, 251.297488
2515, 251.397494
2516, 251.497492
2517, 251.597482
2518, 251.697483
2519, 251.797480
2520, 251.897489
2521, 251.997478
2522, 252.097479
2523, 252.197475
2524, 252.297476
2525, 252.397473
2526, 252.497475
2527, 252.597479
2528, 252.697479
2529, 252.797476
2530, 252.897470
2531, 252.997474
2532, 253.097466
2533, 253.197464
2534, 253.297465
2535, 253.397462
2536, 253.497462
2537, 253.597453
2538, 253.697460
2539, 253.797457
2540, 253.897467
2541, 253.997464
2542, 254.097455
2543, 254.197451
2544, 254.297452
2545, 254.397450
2546, 254.497452
2547, 254.597457
2548, 254.697448
2549, 254.797454
2550, 254.897451
2551, 254.997447
2552, 255.097453
2553, 255.197440
2554, 255.297440
2555, 255.397437
2556, 255.497438
2557, 255.597445
2558, 255.697447
2559, 255.797444
2560, 255.897434
2561, 255.997430
2562, 256.097431
2563, 256.197436
2564, 256.297430
2565, 256.397426
2566, 256.497426
2567, 256.597431
2568, 256.697432
2569, 256.797429
2570, 256.897422
2571, 256.997418
2572, 257.097421
2573, 257.197416
2574, 257.297426
2575, 257.397413
2576, 257.497415
2577, 257.597412
2578, 257.697413
2579, 257.797410
2580, 257.897410
2581, 257.997406
2582, 258.097408
2583, 258.197404
2584, 258.297405
2585, 258.397411
2586, 258.497403
2587, 258.597409
2588, 258.697410
2589, 258.797397
2590, 258.897409
2591, 258.997405
2592, 259.097395
2593, 259.197393
2594, 259.297393
2595, 259.397400
2596, 259.497391
2597, 259.597388
2598, 259.697389
2599, 259.797396
2600, 259.897386
2601, 259.997383
2602, 260.097386
2603, 260.197380
2604, 260.297381
2605, 260.397378
2606, 260.497389
2607, 260.597375
2608, 260.697377
2609, 260.797384
2610, 260.897375
2611, 260.997371
2612, 261.097372
2613, 261.197369
2614, 261.297371
2615, 261.397368
2616, 261.497378
2617, 261.597373
2618, 261.697375
2619, 261.797362
2620, 261.897363
2621, 261.997360
2622, 262.097361
2623, 262.197358
2624, 262.297358
2625, 262.397355
2626, 262.497356
2627, 262.597353
2628, 262.697364
2629, 262.797351
2630, 262.897352
2631, 262.997349
2632, 263.097349
2633, 263.197347
2634, 263.297347
2635, 263.397354
2636, 263.497350
2637, 263.597347
2638, 263.697343
2639, 263.797357
2640, 263.897350
2641, 263.997349
2642, 264.097339
2643, 264.197345
2644, 264.297335
2645, 264.397332
2646, 264.497334
2647, 264.597301
2648, 264.697331
2649, 264.797328
2650, 264.897338
2651, 264.997326
2652, 265.097327
2653, 265.197323
2654, 265.297324
2655, 265.397321
2656, 265.497321
2657, 265.597319
2658, 265.697320
2659, 265.797317
2660, 265.897327
2661, 265.997332
2662, 266.097316
2663, 266.197312
2664, 266.297312
2665, 266.397310
2666, 266.497312
2667, 266.597307
2668, 266.697308
2669, 266.797304
2670, 266.897306
2671, 266.997303
2672, 267.097311
2673, 267.197300
2674, 267.297302
2675, 267.397298
2676, 267.497304
2677, 267.597296
2678, 267.697297
2679, 267.797293
2680, 267.897294
2681, 267.997291
2682, 268.097293
2683, 268.197297
2684, 268.297290
2685, 268.397286
2686, 268.497288
2687, 268.597284
2688, 268.697285
2689, 268.797286
2690, 268.897288
2691, 268.997285
2692, 269.097285
2693, 269.197283
2694, 269.297289
2695, 269.397273
2696, 269.497273
2697, 269.597272
2698, 269.697278
2699, 269.797274
2700, 269.897276
2701, 269.997273
2702, 270.097274
2703, 270.197265
2704, 270.297270
2705, 270.397272
2706, 270.497264
2707, 270.597261
2708, 270.697266
2709, 270.797248
2710, 270.897261
2711, 270.997258
2712, 271.097257
2713, 271.197255
2714, 271.297255
2715, 271.397251
2716, 271.497262
2717, 271.597259
2718, 271.697260
2719, 271.797257
2720, 271.897252
2721, 271.997255
2722, 272.097255
2723, 272.197247
2724, 272.297253
2725, 272.397240
2726, 272.497249
2727, 272.597237
2728, 272.697248
2729, 272.797245
2730, 272.897237
2731, 272.997232
2732, 273.097234
2733, 273.197230
2734, 273.297232
2735, 273.397228
2736, 273.497229
2737, 273.597234
2738, 273.697232
2739, 273.797224
2740, 273.897224
2741, 273.997221
2742, 274.097223
2743, 274.197229
2744, 274.297220
2745, 274.397216
2746, 274.497218
2747, 274.597214
2748, 274.697232
2749, 274.797222
2750, 274.897212
2751, 274.997209
2752, 275.097210
2753, 275.197219
2754, 275.297208
2755, 275.397214
2756, 275.497216
2757, 275.597203
2758, 275.697204
2759, 275.797218
2760, 275.897201
2761, 275.997206
2762, 276.097210
2763, 276.197206
2764, 276.297207
2765, 276.397204
2766, 276.497201
2767, 276.597200
2768, 276.697195
2769, 276.797198
2770, 276.897207
2771, 276.997186
2772, 277.097198
2773, 277.197194
2774, 277.297196
2775, 277.397180
2776, 277.497179
2777, 277.597187
2778, 277.697190
2779, 277.797187
2780, 277.897187
2781, 277.997194
2782, 278.097186
2783, 278.197182
2784, 278.297183
2785, 278.397180
2786, 278.497182
2787, 278.597179
2788, 278.697179
2789, 278.797176
2790, 278.897176
2791, 278.997174
2792, 279.097182
2793, 279.197170
2794, 279.297172
2795, 279.397170
2796, 279.497167
2797, 279.597156
2798, 279.697167
2799, 279.797164
2800, 279.897165
2801, 279.997151
2802, 280.097163
2803, 280.197158
2804, 280.297151
2805, 280.397147
2806, 280.497148
2807, 280.597144
2808, 280.697156
2809, 280.797144
2810, 280.897144
2811, 280.997140
2812, 281.097140
2813, 281.197138
2814, 281.297148
2815, 281.397135
2816, 281.497146
2817, 281.597133
2818, 281.697145
2819, 281.797130
2820, 281.897131
2821, 281.997128
2822, 282.097130
2823, 282.197136
2824, 282.297127
2825, 282.397132
2826, 282.497136
2827, 282.597120
2828, 282.697129
2829, 282.797118
2830, 282.897130
2831, 282.997116
2832, 283.097118
2833, 283.197124
2834, 283.297115
2835, 283.397112
2836, 283.497123
2837, 283.597109
2838, 283.697121
2839, 283.797117
2840, 283.897108
2841, 283.997105
2842, 284.097115
2843, 284.197102
2844, 284.297103
2845, 284.397100
2846, 284.497110
2847, 284.597108
2848, 284.697103
2849, 284.797095
2850, 284.897096
2851, 284.997103
2852, 285.097094
2853, 285.197091
2854, 285.297092
2855, 285.397098
2856, 285.497100
2857, 285.597095
2858, 285.697097
2859, 285.797093
2860, 285.897095
2861, 285.997081
2862, 286.097083
2863, 286.197079
2864, 286.297090
2865, 286.397087
2866, 286.497079
2867, 286.597084
2868, 286.697084
2869, 286.797072
2870, 286.897074
2871, 286.997070
2872, 287.097081
2873, 287.197077
2874, 287.297068
2875, 287.397070
2876, 287.497066
2877, 287.597063
2878, 287.697065
2879, 287.797068
2880, 287.897071
2881, 287.997068
2882, 288.097059
2883, 288.197055
2884, 288.297057
2885, 288.397054
2886, 288.497065
2887, 288.597051
2888, 288.697053
2889, 288.797058
2890, 288.897067
2891, 288.997047
2892, 289.097048
2893, 289.197045
2894, 289.297056
2895, 289.397053
2896, 289.497043
2897, 289.597040
2898, 289.697051
2899, 289.797037
2900, 289.897039
2901, 289.997043
2902, 290.097046
2903, 290.197032
2904, 290.297034
2905, 290.397040
2906, 290.497032
2907, 290.597028
2908, 290.697030
2909, 290.797036
2910, 290.897027
2911, 290.997035
2912, 291.097041
2913, 291.197021
2914, 291.297033
2915, 291.397029
2916, 291.497020
2917, 291.597017
2918, 291.697028
2919, 291.797023
2920, 291.897015
2921, 291.997014
2922, 292.097023
2923, 292.197020
2924, 292.297011
2925, 292.397007
2926, 292.497018
2927, 292.597016
2928, 292.697006
2929, 292.797003
2930, 292.897015
2931, 292.997010
2932, 293.097011
2933, 293.197006
2934, 293.297000
2935, 293.397005
2936, 293.496997
2937, 293.596993
2938, 293.697006
2939, 293.797002
2940, 293.897002
2941, 293.996988
2942, 294.096999
2943, 294.196986
2944, 294.297005
2945, 294.396984
2946, 294.496995
2947, 294.596982
2948, 294.696983
2949, 294.796988
2950, 294.896991
2951, 294.996977
2952, 295.096989
2953, 295.196985
2954, 295.296976
2955, 295.396981
2956, 295.496974
2957, 295.596971
2958, 295.696982
2959, 295.796967
2960, 295.896969
2961, 295.996965
2962, 296.096967
2963, 296.196963
2964, 296.296966
2965, 296.396961
2966, 296.496970
2967, 296.596958
2968, 296.696960
2969, 296.796966
2970, 296.896958
2971, 296.996954
2972, 297.096955
2973, 297.196951
2974, 297.296953
2975, 297.396959
2976, 297.496955
2977, 297.596958
2978, 297.696952
2979, 297.796945
2980, 297.896946
2981, 297.996943
2982, 298.096944
2983, 298.196939
2984, 298.296941
2985, 298.396938
2986, 298.496939
2987, 298.596935
2988, 298.696945
2989, 298.796942
2990, 298.896935
2991, 298.996930
2992, 299.096932
2993, 299.196927
2994, 299.296929
2995, 299.396935
2996, 299.496927
2997, 299.596923
2998, 299.696925
2999, 299.796930
3000, 299.896923
3001, 299.996918
3002, 300.096920
3003, 300.196916
3004, 300.296918
3005, 300.396914
3006, 300.496916
3007, 300.596913
3008, 300.696913
3009, 300.796919
3010, 300.896919
3011, 300.996907
3012, 301.096908
3013, 301.196905
3014, 301.296906
3015, 301.396901
3016, 301.496904
3017, 301.596899
3018, 301.696901
3019, 301.796898
3020, 301.896900
3021, 301.996903
3022, 302.096896
3023, 302.196892
3024, 302.296894
3025, 302.396891
3026, 302.496902
3027, 302.596888
3028, 302.696889
3029, 302.796875
3030, 302.896887
3031, 302.996883
3032, 303.096893
3033, 303.196883
3034, 303.296883
3035, 303.396879
3036, 303.496879
3037, 303.596876
3038, 303.696877
3039, 303.796874
3040, 303.896876
3041, 303.996872
3042, 304.096873
3043, 304.196869
3044, 304.296871
3045, 304.396868
3046, 304.496870
3047, 304.596866
3048, 304.696866
3049, 304.796874
3050, 304.896864
3051, 304.996861
3052, 305.096862
3053, 305.196866
3054, 305.296859
3055, 305.396855
3056, 305.496857
3057, 305.596853
3058, 305.696855
3059, 305.796851
3060, 305.896852
3061, 305.996848
3062, 306.096851
3063, 306.196847
3064, 306.296856
3065, 306.396844
3066, 306.496846
3067, 306.596842
3068, 306.696844
3069, 306.796850
3070, 306.896840
3071, 306.996837
3072, 307.096838
3073, 307.196835
3074, 307.296836
3075, 307.396841
3076, 307.496835
3077, 307.596829
3078, 307.696831
3079, 307.796828
3080, 307.896828
3081, 307.996826
3082, 308.096827
3083, 308.196822
3084, 308.296824
3085, 308.396820
3086, 308.496831
3087, 308.596818
3088, 308.696819
3089, 308.796827
3090, 308.896824
3091, 308.996822
3092, 309.096814
3093, 309.196811
3094, 309.296813
3095, 309.396809
3096, 309.496810
3097, 309.596806
3098, 309.696807
3099, 309.796809
3100, 309.896809
3101, 309.996808
3102, 310.096807
3103, 310.196802
3104, 310.296800
3105, 310.396797
3106, 310.496800
3107, 310.596798
3108, 310.696796
3109, 310.796787
3110, 310.896799
3111, 310.996784
3112, 311.096791
3113, 311.196783
3114, 311.296789
3115, 311.396791
3116, 311.496787
3117, 311.596791
3118, 311.696802
3119, 311.796773
3120, 311.896789
3121, 311.996772
3122, 312.096780
3123, 312.196767
3124, 312.296778
3125, 312.396764
3126, 312.496784
3127, 312.596788
3128, 312.696773
3129, 312.796772
3130, 312.896770
3131, 312.996778
3132, 313.096767
3133, 313.196755
3134, 313.296765
3135, 313.396753
3136, 313.496764
3137, 313.596751
3138, 313.696761
3139, 313.796748
3140, 313.896776
3141, 313.996747
3142, 314.096756
3143, 314.196772
3144, 314.296764
3145, 314.396742
3146, 314.496752
3147, 314.596739
3148, 314.696748
3149, 314.796738
3150, 314.896750
3151, 314.996758
3152, 315.096746
3153, 315.196752
3154, 315.296743
3155, 315.396752
3156, 315.496740
3157, 315.596729
3158, 315.696738
3159, 315.796726
3160, 315.896735
3161, 315.996724
3162, 316.096741
3163, 316.196719
3164, 316.296740
3165, 316.396720
3166, 316.496729
3167, 316.596718
3168, 316.696735
3169, 316.796715
3170, 316.896728
3171, 316.996712
3172, 317.096731
3173, 317.196709
3174, 317.296720
3175, 317.396717
3176, 317.496716
3177, 317.596705
3178, 317.696714
3179, 317.796703
3180, 317.896718
3181, 317.996701
3182, 318.096709
3183, 318.196695
3184, 318.296724
3185, 318.396696
3186, 318.496705
3187, 318.596694
3188, 318.696703
3189, 318.796691
3190, 318.896705
3191, 318.996687
3192, 319.096697
3193, 319.196687
3194, 319.296695
3195, 319.396694
3196, 319.496692
3197, 319.596682
3198, 319.696691
3199, 319.796680
3200, 319.896689
3201, 319.996678
3202, 320.096686
3203, 320.196685
3204, 320.296693
3205, 320.396672
3206, 320.496690
3207, 320.596670
3208, 320.696678
3209, 320.796669
3210, 320.896684
3211, 320.996668
3212, 321.096674
3213, 321.196668
3214, 321.296672
3215, 321.396668
3216, 321.496669
3217, 321.596667
3218, 321.696668
3219, 321.796661
3220, 321.896664
3221, 321.996662
3222, 322.096664
3223, 322.196672
3224, 322.296669
3225, 322.396670
3226, 322.496658
3227, 322.596669
3228, 322.696656
3229, 322.796657
3230, 322.896701
3231, 322.996655
3232, 323.096650
3233, 323.196652
3234, 323.296649
3235, 323.396665
3236, 323.496646
3237, 323.596647
3238, 323.696653
3239, 323.796644
3240, 323.896642
3241, 323.996642
3242, 324.096641
3243, 324.196658
3244, 324.296642
3245, 324.396637
3246, 324.496636
3247, 324.596635
3248, 324.696624
3249, 324.796641
3250, 324.896641
3251, 324.996640
3252, 325.096638
3253, 325.196628
3254, 325.296637
3255, 325.396626
3256, 325.496624
3257, 325.596624
3258, 325.696623
3259, 325.796621
3260, 325.896628
3261, 325.996618
3262, 326.096619
3263, 326.196626
3264, 326.296620
3265, 326.396614
3266, 326.496613
3267, 326.596612
3268, 326.696611
3269, 326.796611
3270, 326.896610
3271, 326.996625
3272, 327.096616
3273, 327.196616
3274, 327.296607
3275, 327.396603
3276, 327.496601
3277, 327.596601
3278, 327.696600
3279, 327.796599
3280, 327.896597
3281, 327.996597
3282, 328.096604
3283, 328.196605
3284, 328.296602
3285, 328.396592
3286, 328.496591
3287, 328.596590
3288, 328.696588
3289, 328.796588
3290, 328.896586
3291, 328.996596
3292, 329.096594
3293, 329.196601
3294, 329.296593
3295, 329.396580
3296, 329.496580
3297, 329.596579
3298, 329.696578
3299, 329.796576
3300, 329.896574
3301, 329.996574
3302, 330.096573
3303, 330.196572
3304, 330.296578
3305, 330.396570
3306, 330.496568
3307, 330.596567
3308, 330.696565
3309, 330.796565
3310, 330.896564
3311, 330.996573
3312, 331.096571
3313, 331.196572
3314, 331.296569
3315, 331.396567
3316, 331.496557
3317, 331.596555
3318, 331.696555
3319, 331.796554
3320, 331.896552
3321, 331.996551
3322, 332.096550
3323, 332.196550
3324, 332.296548
3325, 332.396548
3326, 332.496554
3327, 332.596545
3328, 332.696543
3329, 332.796542
3330, 332.896542
3331, 332.996550
3332, 333.096548
3333, 333.196548
3334, 333.296547
3335, 333.396545
3336, 333.496534
3337, 333.596533
3338, 333.696532
3339, 333.796533
3340, 333.896530
3341, 333.996539
3342, 334.096528
3343, 334.196527
3344, 334.296525
3345, 334.396534
3346, 334.496523
3347, 334.596530
3348, 334.696520
3349, 334.796520
3350, 334.896519
3351, 334.996522
3352, 335.096529
3353, 335.196516
3354, 335.296514
3355, 335.396517
3356, 335.496513
3357, 335.596521
3358, 335.696526
3359, 335.796519
3360, 335.896507
3361, 335.996506
3362, 336.096504
3363, 336.196504
3364, 336.296501
3365, 336.396501
3366, 336.496500
3367, 336.596499
3368, 336.696497
3369, 336.796506
3370, 336.896496
3371, 336.996505
3372, 337.096493
3373, 337.196492
3374, 337.296491
3375, 337.396497
3376, 337.496488
3377, 337.596488
3378, 337.696487
3379, 337.796486
3380, 337.896492
3381, 337.996483
3382, 338.096484
3383, 338.196478
3384, 338.296479
3385, 338.396479
3386, 338.496478
3387, 338.596477
3388, 338.696475
3389, 338.796473
3390, 338.896473
3391, 338.996489
3392, 339.096479
3393, 339.196479
3394, 339.296468
3395, 339.396468
3396, 339.496466
3397, 339.596465
3398, 339.696463
3399, 339.796462
3400, 339.896462
3401, 339.996470
3402, 340.096476
3403, 340.196467
3404, 340.296466
3405, 340.396467
3406, 340.496466
3407, 340.596464
3408, 340.696464
3409, 340.796452
3410, 340.896450
3411, 340.996459
3412, 341.096458
3413, 341.196455
3414, 341.296446
3415, 341.396445
3416, 341.496443
3417, 341.596442
3418, 341.696442
3419, 341.796440
3420, 341.896439
3421, 341.996438
3422, 342.096436
3423, 342.196436
3424, 342.296444
3425, 342.396434
3426, 342.496442
3427, 342.596431
3428, 342.696429
3429, 342.796429
3430, 342.896432
3431, 342.996436
3432, 343.096434
3433, 343.196424
3434, 343.296431
3435, 343.396422
3436, 343.496421
3437, 343.596421
3438, 343.696420
3439, 343.796417
3440, 343.896416
3441, 343.996414
3442, 344.096413
3443, 344.196413
3444, 344.296421
3445, 344.396418
3446, 344.496409
3447, 344.596408
3448, 344.696406
3449, 344.796406
3450, 344.896405
3451, 344.996413
3452, 345.096402
3453, 345.196401
3454, 345.296400
3455, 345.396398
3456, 345.496407
3457, 345.596406
3458, 345.696396
3459, 345.796393
3460, 345.896392
3461, 345.996401
3462, 346.096400
3463, 346.196400
3464, 346.296392
3465, 346.396397
3466, 346.496397
3467, 346.596401
3468, 346.696383
3469, 346.796382
3470, 346.896381
3471, 346.996380
3472, 347.096378
3473, 347.196378
3474, 347.296377
3475, 347.396383
3476, 347.496374
3477, 347.596385
3478, 347.696381
3479, 347.796378
3480, 347.896369
3481, 347.996370
3482, 348.096367
3483, 348.196367
3484, 348.296376
3485, 348.396365
3486, 348.496363
3487, 348.596371
3488, 348.696360
3489, 348.796377
3490, 348.896359
3491, 348.996368
3492, 349.096365
3493, 349.196365
3494, 349.296354
3495, 349.396352
3496, 349.496350
3497, 349.596350
3498, 349.696349
3499, 349.796348
3500, 349.896354
3501, 349.996345
3502, 350.096344
3503, 350.196343
3504, 350.296351
3505, 350.396341
3506, 350.496340
3507, 350.596340
3508, 350.696337
3509, 350.796336
3510, 350.896336
3511, 350.996342
3512, 351.096340
3513, 351.196339
3514, 351.296331
3515, 351.396330
3516, 351.496328
3517, 351.596337
3518, 351.696335
3519, 351.796334
3520, 351.896324
3521, 351.996323
3522, 352.096338
3523, 352.196330
3524, 352.296323
3525, 352.396319
3526, 352.496317
3527, 352.596316
3528, 352.696314
3529, 352.796313
3530, 352.896312
3531, 352.996311
3532, 353.096315
3533, 353.196318
3534, 353.296308
3535, 353.396307
3536, 353.496305
3537, 353.596304
3538, 353.696304
3539, 353.796301
3540, 353.896301
3541, 353.996300
3542, 354.096299
3543, 354.196298
3544, 354.296306
3545, 354.396303
3546, 354.496295
3547, 354.596294
3548, 354.696292
3549, 354.796290
3550, 354.896290
3551, 354.996289
3552, 355.096291
3553, 355.196290
3554, 355.296295
3555, 355.396285
3556, 355.496283
3557, 355.596292
3558, 355.696290
3559, 355.796284
3560, 355.896278
3561, 355.996277
3562, 356.096281
3563, 356.196276
3564, 356.296283
3565, 356.396280
3566, 356.496271
3567, 356.596270
3568, 356.696269
3569, 356.796268
3570, 356.896272
3571, 356.996267
3572, 357.096257
3573, 357.196255
3574, 357.296262
3575, 357.396270
3576, 357.496270
3577, 357.596268
3578, 357.696258
3579, 357.796256
3580, 357.896255
3581, 357.996255
3582, 358.096257
3583, 358.196250
3584, 358.296250
3585, 358.396249
3586, 358.496249
3587, 358.596256
3588, 358.696256
3589, 358.796255
3590, 358.896244
3591, 358.996242
3592, 359.096252
3593, 359.196240
3594, 359.296239
3595, 359.396248
3596, 359.496236
3597, 359.596236
3598, 359.696234
3599, 359.796233
3600, 359.896232
3601, 359.996242
3602, 360.096240
3603, 360.196226
3604, 360.296237
3605, 360.396227
3606, 360.496225
3607, 360.596224
3608, 360.696231
3609, 360.796231
3610, 360.896220
3611, 360.996230
3612, 361.096228
3613, 361.196227
3614, 361.296217
3615, 361.396216
3616, 361.496214
3617, 361.596213
3618, 361.696212
3619, 361.796220
3620, 361.896218
3621, 361.996208
3622, 362.096217
3623, 362.196205
3624, 362.296205
3625, 362.396203
3626, 362.496212
3627, 362.596201
3628, 362.696199
3629, 362.796199
3630, 362.896215
3631, 362.996197
3632, 363.096207
3633, 363.196194
3634, 363.296193
3635, 363.396192
3636, 363.496190
3637, 363.596191
3638, 363.696188
3639, 363.796187
3640, 363.896196
3641, 363.996193
3642, 364.096194
3643, 364.196182
3644, 364.296181
3645, 364.396181
3646, 364.496179
3647, 364.596178
3648, 364.696176
3649, 364.796175
3650, 364.896184
3651, 364.996173
3652, 365.096189
3653, 365.196169
3654, 365.296170
3655, 365.396179
3656, 365.496168
3657, 365.596167
3658, 365.696165
3659, 365.796164
3660, 365.896163
3661, 365.996162
3662, 366.096161
3663, 366.196169
3664, 366.296158
3665, 366.396158
3666, 366.496156
3667, 366.596155
3668, 366.696154
3669, 366.796153
3670, 366.896152
3671, 366.996151
3672, 367.096156
3673, 367.196159
3674, 367.296164
3675, 367.396150
3676, 367.496155
3677, 367.596153
3678, 367.696142
3679, 367.796142
3680, 367.896140
3681, 367.996139
3682, 368.096138
3683, 368.196136
3684, 368.296135
3685, 368.396142
3686, 368.496134
3687, 368.596132
3688, 368.696130
3689, 368.796131
3690, 368.896129
3691, 368.996127
3692, 369.096126
3693, 369.196136
3694, 369.296133
3695, 369.396133
3696, 369.496138
3697, 369.596130
3698, 369.696130
3699, 369.796118
3700, 369.896116
3701, 369.996116
3702, 370.096115
3703, 370.196111
3704, 370.296111
3705, 370.396112
3706, 370.496110
3707, 370.596117
3708, 370.696107
3709, 370.796107
3710, 370.896105
3711, 370.996105
3712, 371.096112
3713, 371.196107
3714, 371.296105
3715, 371.396097
3716, 371.496101
3717, 371.596097
3718, 371.696096
3719, 371.796106
3720, 371.896093
3721, 371.996092
3722, 372.096091
3723, 372.196090
3724, 372.296088
3725, 372.396088
3726, 372.496096
3727, 372.596085
3728, 372.696092
3729, 372.796093
3730, 372.896086
3731, 372.996086
3732, 373.096079
3733, 373.196078
3734, 373.296078
3735, 373.396075
3736, 373.496085
3737, 373.596073
3738, 373.696072
3739, 373.796079
3740, 373.896079
3741, 373.996069
3742, 374.096068
3743, 374.196066
3744, 374.296066
3745, 374.396064
3746, 374.496063
3747, 374.596062
3748, 374.696061
3749, 374.796060
3750, 374.896075
3751, 374.996057
3752, 375.096056
3753, 375.196052
3754, 375.296054
3755, 375.396052
3756, 375.496051
3757, 375.596051
3758, 375.696049
3759, 375.796048
3760, 375.896056
3761, 375.996054
3762, 376.096045
3763, 376.196043
3764, 376.296042
3765, 376.396040
3766, 376.496039
3767, 376.596039
3768, 376.696037
3769, 376.796036
3770, 376.896046
3771, 376.996033
3772, 377.096041
3773, 377.196039
3774, 377.296030
3775, 377.396039
3776, 377.496028
3777, 377.596037
3778, 377.696032
3779, 377.796024
3780, 377.896032
3781, 377.996033
3782, 378.096028
3783, 378.196037
3784, 378.296018
3785, 378.396017
3786, 378.496016
3787, 378.596015
3788, 378.696013
3789, 378.796013
3790, 378.896022
3791, 378.996011
3792, 379.096009
3793, 379.196015
3794, 379.296016
3795, 379.396006
3796, 379.496004
3797, 379.596004
3798, 379.696010
3799, 379.796002
3800, 379.896009
3801, 379.996009
3802, 380.096008
3803, 380.195994
3804, 380.295994
3805, 380.396003
3806, 380.495994
3807, 380.595992
3808, 380.695990
3809, 380.795989
3810, 380.895988
3811, 380.995987
3812, 381.095985
3813, 381.195994
3814, 381.295983
3815, 381.395992
3816, 381.495990
3817, 381.595981
3818, 381.695979
3819, 381.795978
3820, 381.895987
3821, 381.995986
3822, 382.095974
3823, 382.195974
3824, 382.295972
3825, 382.395980
3826, 382.495975
3827, 382.595987
3828, 382.695976
3829, 382.795977
3830, 382.895975
3831, 382.995963
3832, 383.095962
3833, 383.195971
3834, 383.295961
3835, 383.395969
3836, 383.495958
3837, 383.595957
3838, 383.695966
3839, 383.795965
3840, 383.895952
3841, 383.995952
3842, 384.095951
3843, 384.195951
3844, 384.295948
3845, 384.395957
3846, 384.495957
3847, 384.595955
3848, 384.695961
3849, 384.795954
3850, 384.895951
3851, 384.995951
3852, 385.095950
3853, 385.195943
3854, 385.295941
3855, 385.395936
3856, 385.495934
3857, 385.595934
3858, 385.695933
3859, 385.795940
3860, 385.895939
3861, 385.995941
3862, 386.095927
3863, 386.195927
3864, 386.295924
3865, 386.395934
3866, 386.495933
3867, 386.595931
3868, 386.695930
3869, 386.795930
3870, 386.895936
3871, 386.995918
3872, 387.095916
3873, 387.195922
3874, 387.295921
3875, 387.395919
3876, 387.495910
3877, 387.595908
3878, 387.695908
3879, 387.795908
3880, 387.895906
3881, 387.995913
3882, 388.095905
3883, 388.195903
3884, 388.295901
3885, 388.395911
3886, 388.495910
3887, 388.595909
3888, 388.695906
3889, 388.795905
3890, 388.895905
3891, 388.995904
3892, 389.095909
3893, 389.195896
3894, 389.295894
3895, 389.395888
3896, 389.495887
3897, 389.595886
3898, 389.695886
3899, 389.795883
3900, 389.895882
3901, 389.995881
3902, 390.095880
3903, 390.195888
3904, 390.295877
3905, 390.395886
3906, 390.495886
3907, 390.595884
3908, 390.695883
3909, 390.795882
3910, 390.895881
3911, 390.995869
3912, 391.095868
3913, 391.195867
3914, 391.295884
3915, 391.395865
3916, 391.495864
3917, 391.595863
3918, 391.695862
3919, 391.795860
3920, 391.895859
3921, 391.995858
3922, 392.095856
3923, 392.195856
3924, 392.295854
3925, 392.395853
3926, 392.495862
3927, 392.595848
3928, 392.695849
3929, 392.795848
3930, 392.895848
3931, 392.995846
3932, 393.095845
3933, 393.195843
3934, 393.295852
3935, 393.395859
3936, 393.495849
3937, 393.595849
3938, 393.695838
3939, 393.795837
3940, 393.895835
3941, 393.995834
3942, 394.095834
3943, 394.195832
3944, 394.295830
3945, 394.395830
3946, 394.495837
3947, 394.595827
3948, 394.695826
3949, 394.795825
3950, 394.895824
3951, 394.995823
3952, 395.095821
3953, 395.195821
3954, 395.295829
3955, 395.395824
3956, 395.495817
3957, 395.595824
3958, 395.695815
3959, 395.795813
3960, 395.895811
3961, 395.995811
3962, 396.095810
3963, 396.195809
3964, 396.295807
3965, 396.395806
3966, 396.495806
3967, 396.595804
3968, 396.695813
3969, 396.795803
3970, 396.895801
3971, 396.995799
3972, 397.095798
3973, 397.195798
3974, 397.295806
3975, 397.395800
3976, 397.495794
3977, 397.595785
3978, 397.695792
3979, 397.795798
3980, 397.895800
3981, 397.995790
3982, 398.095787
3983, 398.195786
3984, 398.295783
3985, 398.395784
3986, 398.495783
3987, 398.595781
3988, 398.695778
3989, 398.795778
3990, 398.895787
3991, 398.995781
3992, 399.095779
3993, 399.195775
3994, 399.295774
3995, 399.395771
3996, 399.495771
3997, 399.595779
3998, 399.695768
3999, 399.795767
4000, 399.895766
4001, 399.995773
4002, 400.095763
4003, 400.195762
4004, 400.295760
4005, 400.395760
4006, 400.495760
4007, 400.595757
4008, 400.695765
4009, 400.795765
4010, 400.895764
4011, 400.995753
4012, 401.095759
4013, 401.195750
4014, 401.295759
4015, 401.395757
4016, 401.495757
4017, 401.595746
4018, 401.695745
4019, 401.795744
4020, 401.895742
4021, 401.995741
4022, 402.095740
4023, 402.195748
4024, 402.295738
4025, 402.395747
4026, 402.495740
4027, 402.595721
4028, 402.695742
4029, 402.795742
4030, 402.895741
4031, 402.995730
4032, 403.095729
4033, 403.195727
4034, 403.295744
4035, 403.395725
4036, 403.495734
4037, 403.595734
4038, 403.695722
4039, 403.795721
4040, 403.895719
4041, 403.995719
4042, 404.095717
4043, 404.195716
4044, 404.295714
4045, 404.395727
4046, 404.495721
4047, 404.595719
4048, 404.695719
4049, 404.795719
4050, 404.895720
4051, 404.995716
4052, 405.095715
4053, 405.195715
4054, 405.295701
4055, 405.395700
4056, 405.495708
4057, 405.595700
4058, 405.695699
4059, 405.795699
4060, 405.895701
4061, 405.995700
4062, 406.095699
4063, 406.195698
4064, 406.295689
4065, 406.395684
4066, 406.495682
4067, 406.595684
4068, 406.695679
4069, 406.795678
4070, 406.895678
4071, 406.995691
4072, 407.095690
4073, 407.195689
4074, 407.295674
4075, 407.395671
4076, 407.495669
4077, 407.595660
4078, 407.695668
4079, 407.795668
4080, 407.895666
4081, 407.995665
4082, 408.095665
4083, 408.195663
4084, 408.295659
4085, 408.395659
4086, 408.495657
4087, 408.595657
4088, 408.695657
4089, 408.795653
4090, 408.895652
4091, 408.995651
4092, 409.095650
4093, 409.195650
4094, 409.295649
4095, 409.395649
4096, 409.495654
4097, 409.595653
4098, 409.695652
4099, 409.795651
4100, 409.895649
4101, 409.995649
4102, 410.095648
4103, 410.195646
4104, 410.295645
4105, 410.395654
4106, 410.495653
4107, 410.595652
4108, 410.695650
4109, 410.795657
4110, 410.895648
4111, 410.995637
4112, 411.095634
4113, 411.195635
4114, 411.295644
4115, 411.395642
4116, 411.495631
4117, 411.595631
4118, 411.695628
4119, 411.795627
4120, 411.895634
4121, 411.995625
4122, 412.095625
4123, 412.195623
4124, 412.295621
4125, 412.395620
4126, 412.495627
4127, 412.595618
4128, 412.695617
4129, 412.795616
4130, 412.895615
4131, 412.995622
4132, 413.095612
4133, 413.195611
4134, 413.295621
4135, 413.395616
4136, 413.495615
4137, 413.595614
4138, 413.695613
4139, 413.795605
4140, 413.895603
4141, 413.995602
4142, 414.095610
4143, 414.195599
4144, 414.295598
4145, 414.395598
4146, 414.495597
4147, 414.595596
4148, 414.695594
4149, 414.795594
4150, 414.895591
4151, 414.995591
4152, 415.095600
4153, 415.195606
4154, 415.295588
4155, 415.395587
4156, 415.495584
4157, 415.595584
4158, 415.695582
4159, 415.795577
4160, 415.895580
4161, 415.995579
4162, 416.095589
4163, 416.195586
4164, 416.295589
4165, 416.395575
4166, 416.495574
4167, 416.595572
4168, 416.695571
4169, 416.795570
4170, 416.895579
4171, 416.995577
4172, 417.095571
4173, 417.195571
4174, 417.295564
4175, 417.395581
4176, 417.495559
4177, 417.595565
4178, 417.695569
4179, 417.795559
4180, 417.895557
4181, 417.995557
4182, 418.095564
4183, 418.195563
4184, 418.295552
4185, 418.395551
4186, 418.495559
4187, 418.595550
4188, 418.695547
4189, 418.795547
4190, 418.895545
4191, 418.995544
4192, 419.095542
4193, 419.195542
4194, 419.295541
4195, 419.395546
4196, 419.495538
4197, 419.595545
4198, 419.695536
4199, 419.795534
4200, 419.895533
4201, 419.995533
4202, 420.095531
4203, 420.195530
4204, 420.295528
4205, 420.395528
4206, 420.495527
4207, 420.595526
4208, 420.695532
4209, 420.795523
4210, 420.895523
4211, 420.995520
4212, 421.095518
4213, 421.195519
4214, 421.295516
4215, 421.395525
4216, 421.495525
4217, 421.595524
4218, 421.695524
4219, 421.795511
4220, 421.895519
4221, 421.995519
4222, 422.095518
4223, 422.195518
4224, 422.295516
4225, 422.395504
4226, 422.495513
4227, 422.595502
4228, 422.695500
4229, 422.795508
4230, 422.895499
4231, 422.995499
4232, 423.095495
4233, 423.195496
4234, 423.295494
4235, 423.395503
4236, 423.495491
4237, 423.595490
4238, 423.695490
4239, 423.795487
4240, 423.895495
4241, 423.995486
4242, 424.095485
4243, 424.195483
4244, 424.295482
4245, 424.395482
4246, 424.495481
4247, 424.595480
4248, 424.695478
4249, 424.795477
4250, 424.895486
4251, 424.995492
4252, 425.095482
4253, 425.195483
4254, 425.295471
4255, 425.395479
4256, 425.495466
4257, 425.595467
4258, 425.695467
4259, 425.795466
4260, 425.895463
4261, 425.995464
4262, 426.095470
4263, 426.195461
4264, 426.295459
4265, 426.395458
4266, 426.495457
4267, 426.595456
4268, 426.695454
4269, 426.795454
4270, 426.895453
4271, 426.995452
4272, 427.095449
4273, 427.195457
4274, 427.295449
4275, 427.395454
4276, 427.495445
4277, 427.595445
4278, 427.695443
4279, 427.795442
4280, 427.895440
4281, 427.995440
4282, 428.095439
4283, 428.195435
4284, 428.295444
4285, 428.395435
4286, 428.495434
4287, 428.595434
4288, 428.695430
4289, 428.795430
4290, 428.895439
4291, 428.995439
4292, 429.095437
4293, 429.195435
4294, 429.295434
4295, 429.395430
4296, 429.495422
4297, 429.595421
4298, 429.695420
4299, 429.795419
4300, 429.895417
4301, 429.995417
4302, 430.095415
4303, 430.195414
4304, 430.295412
4305, 430.395411
4306, 430.495426
4307, 430.595415
4308, 430.695407
4309, 430.795406
4310, 430.895405
4311, 430.995414
4312, 431.095413
4313, 431.195401
4314, 431.295400
4315, 431.395402
4316, 431.495398
4317, 431.595406
4318, 431.695396
4319, 431.795395
4320, 431.895393
4321, 431.995393
4322, 432.095393
4323, 432.195390
4324, 432.295388
4325, 432.395388
4326, 432.495387
4327, 432.595386
4328, 432.695392
4329, 432.795383
4330, 432.895383
4331, 432.995381
4332, 433.095380
4333, 433.195379
4334, 433.295378
4335, 433.395385
4336, 433.495375
4337, 433.595374
4338, 433.695372
4339, 433.795371
4340, 433.895370
4341, 433.995369
4342, 434.095369
4343, 434.195369
4344, 434.295365
4345, 434.395375
4346, 434.495364
4347, 434.595363
4348, 434.695361
4349, 434.795369
4350, 434.895359
4351, 434.995358
4352, 435.095356
4353, 435.195355
4354, 435.295354
4355, 435.395353
4356, 435.495359
4357, 435.595351
4358, 435.695350
4359, 435.795348
4360, 435.895356
4361, 435.995346
4362, 436.095345
4363, 436.195344
4364, 436.295342
4365, 436.395339
4366, 436.495341
4367, 436.595340
4368, 436.695338
4369, 436.795337
4370, 436.895336
4371, 436.995343
4372, 437.095333
4373, 437.195333
4374, 437.295331
4375, 437.395337
4376, 437.495339
4377, 437.595337
4378, 437.695327
4379, 437.795325
4380, 437.895323
4381, 437.995322
4382, 438.095329
4383, 438.195320
4384, 438.295318
4385, 438.395318
4386, 438.495319
4387, 438.595316
4388, 438.695314
4389, 438.795313
4390, 438.895312
4391, 438.995311
4392, 439.095309
4393, 439.195317
4394, 439.295308
4395, 439.395306
4396, 439.495312
4397, 439.595311
4398, 439.695309
4399, 439.795303
4400, 439.895307
4401, 439.995301
4402, 440.095300
4403, 440.195299
4404, 440.295304
4405, 440.395294
4406, 440.495294
4407, 440.595292
4408, 440.695291
4409, 440.795289
4410, 440.895288
4411, 440.995287
4412, 441.095286
4413, 441.195295
4414, 441.295284
4415, 441.395291
4416, 441.495286
4417, 441.595284
4418, 441.695284
4419, 441.795279
4420, 441.895276
4421, 441.995276
4422, 442.095275
4423, 442.195273
4424, 442.295272
4425, 442.395271
4426, 442.495270
4427, 442.595269
4428, 442.695267
4429, 442.795267
4430, 442.895266
4431, 442.995264
4432, 443.095263
4433, 443.195262
4434, 443.295261
4435, 443.395269
4436, 443.495262
4437, 443.595258
4438, 443.695256
4439, 443.795265
4440, 443.895263
4441, 443.995253
4442, 444.095252
4443, 444.195250
4444, 444.295249
4445, 444.395248
4446, 444.495247
4447, 444.595255
4448, 444.695244
4449, 444.795243
4450, 444.895252
4451, 444.995246
4452, 445.095242
4453, 445.195244
4454, 445.295238
4455, 445.395237
4456, 445.495239
4457, 445.595238
4458, 445.695244
4459, 445.795229
4460, 445.895230
4461, 445.995229
4462, 446.095229
4463, 446.195228
4464, 446.295225
4465, 446.395224
4466, 446.495224
4467, 446.595222
4468, 446.695222
4469, 446.795229
4470, 446.895219
4471, 446.995218
4472, 447.095216
4473, 447.195214
4474, 447.295215
4475, 447.395214
4476, 447.495217
4477, 447.595216
4478, 447.695216
4479, 447.795209
4480, 447.895224
4481, 447.995207
4482, 448.095205
4483, 448.195204
4484, 448.295203
4485, 448.395204
4486, 448.495201
4487, 448.595200
4488, 448.695198
4489, 448.795198
4490, 448.895207
4491, 448.995203
4492, 449.095194
4493, 449.195193
4494, 449.295192
4495, 449.395191
4496, 449.495196
4497, 449.595196
4498, 449.695196
4499, 449.795187
4500, 449.895184
4501, 449.995184
4502, 450.095191
4503, 450.195182
4504, 450.295180
4505, 450.395180
4506, 450.495178
4507, 450.595177
4508, 450.695175
4509, 450.795174
4510, 450.895173
4511, 450.995174
4512, 451.095170
4513, 451.195179
4514, 451.295169
4515, 451.395168
4516, 451.495176
4517, 451.595176
4518, 451.695175
4519, 451.795168
4520, 451.895172
4521, 451.995161
4522, 452.095160
4523, 452.195159
4524, 452.295165
4525, 452.395157
4526, 452.495156
4527, 452.595154
4528, 452.695153
4529, 452.795163
4530, 452.895150
4531, 452.995150
4532, 453.095148
4533, 453.195147
4534, 453.295146
4535, 453.395154
4536, 453.495153
4537, 453.595153
4538, 453.695142
4539, 453.795141
4540, 453.895139
4541, 453.995138
4542, 454.095137
4543, 454.195136
4544, 454.295135
4545, 454.395133
4546, 454.495132
4547, 454.595131
4548, 454.695130
4549, 454.795129
4550, 454.895128
4551, 454.995127
4552, 455.095125
4553, 455.195124
4554, 455.295124
4555, 455.395132
4556, 455.495128
4557, 455.595129
4558, 455.695129
4559, 455.795117
4560, 455.895125
4561, 455.995115
4562, 456.095114
4563, 456.195113
4564, 456.295111
4565, 456.395111
4566, 456.495110
4567, 456.595118
4568, 456.695106
4569, 456.795106
4570, 456.895105
4571, 456.995104
4572, 457.095102
4573, 457.195101
4574, 457.295099
4575, 457.395099
4576, 457.495098
4577, 457.595106
4578, 457.695116
4579, 457.795088
4580, 457.895094
4581, 457.995092
4582, 458.095091
4583, 458.195090
4584, 458.295088
4585, 458.395084
4586, 458.495087
4587, 458.595085
4588, 458.695083
4589, 458.795092
4590, 458.895081
4591, 458.995080
4592, 459.095078
4593, 459.195079
4594, 459.295074
4595, 459.395085
4596, 459.495074
4597, 459.595084
4598, 459.695084
4599, 459.795080
4600, 459.895069
4601, 459.995079
4602, 460.095068
4603, 460.195067
4604, 460.295065
4605, 460.395065
4606, 460.495064
4607, 460.595062
4608, 460.695059
4609, 460.795059
4610, 460.895067
4611, 460.995057
4612, 461.095056
4613, 461.195055
4614, 461.295053
4615, 461.395052
4616, 461.495051
4617, 461.595061
4618, 461.695059
4619, 461.795051
4620, 461.895045
4621, 461.995054
4622, 462.095044
4623, 462.195044
4624, 462.295042
4625, 462.395041
4626, 462.495051
4627, 462.595038
4628, 462.695037
4629, 462.795037
4630, 462.895036
4631, 462.995034
4632, 463.095040
4633, 463.195031
4634, 463.295031
4635, 463.395029
4636, 463.495029
4637, 463.595037
4638, 463.695036
4639, 463.795025
4640, 463.895022
4641, 463.995022
4642, 464.095021
4643, 464.195029
4644, 464.295018
4645, 464.395018
4646, 464.495016
4647, 464.595019
4648, 464.695013
4649, 464.795013
4650, 464.895012
4651, 464.995021
4652, 465.095018
4653, 465.195018
4654, 465.295016
4655, 465.395005
4656, 465.495004
4657, 465.595014
4658, 465.695012
4659, 465.795011
4660, 465.894999
4661, 465.994996
4662, 466.094998
4663, 466.194997
4664, 466.294995
4665, 466.395002
4666, 466.494993
4667, 466.594991
4668, 466.694990
4669, 466.794990
4670, 466.894988
4671, 466.994988
4672, 467.094985
4673, 467.194984
4674, 467.294983
4675, 467.394992
4676, 467.494989
4677, 467.594990
4678, 467.694979
4679, 467.794980
4680, 467.894976
4681, 467.994984
4682, 468.094974
4683, 468.194973
4684, 468.294971
4685, 468.394970
4686, 468.494970
4687, 468.594985
4688, 468.694967
4689, 468.794966
4690, 468.894965
4691, 468.994964
4692, 469.094963
4693, 469.194962
4694, 469.294961
4695, 469.394960
4696, 469.494969
4697, 469.594963
4698, 469.694969
4699, 469.794955
4700, 469.894962
4701, 469.994963
4702, 470.094950
4703, 470.194949
4704, 470.294947
4705, 470.394947
4706, 470.494946
4707, 470.594945
4708, 470.694943
4709, 470.794951
4710, 470.894941
4711, 470.994940
4712, 471.094939
4713, 471.194938
4714, 471.294937
4715, 471.394936
4716, 471.494931
4717, 471.594943
4718, 471.694943
4719, 471.794940
4720, 471.894936
4721, 471.994929
4722, 472.094928
4723, 472.194937
4724, 472.294934
4725, 472.394924
4726, 472.494923
4727, 472.594922
4728, 472.694919
4729, 472.794929
4730, 472.894937
4731, 472.994916
4732, 473.094915
4733, 473.194915
4734, 473.294913
4735, 473.394913
4736, 473.494907
4737, 473.594919
4738, 473.694918
4739, 473.794907
4740, 473.894906
4741, 473.994914
4742, 474.094905
4743, 474.194902
4744, 474.294901
4745, 474.394901
4746, 474.494896
4747, 474.594898
4748, 474.694895
4749, 474.794905
4750, 474.894894
4751, 474.994893
4752, 475.094900
4753, 475.194891
4754, 475.294890
4755, 475.394888
4756, 475.494884
4757, 475.594885
4758, 475.694882
4759, 475.794884
4760, 475.894881
4761, 475.994891
4762, 476.094879
4763, 476.194887
4764, 476.294878
4765, 476.394874
4766, 476.494875
4767, 476.594872
4768, 476.694872
4769, 476.794871
4770, 476.894859
4771, 476.994880
4772, 477.094867
4773, 477.194867
4774, 477.294871
4775, 477.394871
4776, 477.494863
4777, 477.594863
4778, 477.694853
4779, 477.794861
4780, 477.894858
4781, 477.994868
4782, 478.094856
4783, 478.194852
4784, 478.294865
4785, 478.394859
4786, 478.494862
4787, 478.594851
4788, 478.694849
4789, 478.794848
4790, 478.894846
4791, 478.994847
4792, 479.094843
4793, 479.194843
4794, 479.294842
4795, 479.394852
4796, 479.494848
4797, 479.594838
4798, 479.694847
4799, 479.794846
4800, 479.894835
4801, 479.994834
4802, 480.094832
4803, 480.194831
4804, 480.294841
4805, 480.394829
4806, 480.494838
4807, 480.594836
4808, 480.694825
4809, 480.794824
4810, 480.894823
4811, 480.994822
4812, 481.094820
4813, 481.194820
4814, 481.294818
4815, 481.394817
4816, 481.494815
4817, 481.594816
4818, 481.694824
4819, 481.794817
4820, 481.894811
4821, 481.994811
4822, 482.094809
4823, 482.194807
4824, 482.294815
4825, 482.394806
4826, 482.494814
4827, 482.594802
4828, 482.694801
4829, 482.794808
4830, 482.894799
4831, 482.994799
4832, 483.094796
4833, 483.194795
4834, 483.294795
4835, 483.394793
4836, 483.494791
4837, 483.594791
4838, 483.694794
4839, 483.794792
4840, 483.894797
4841, 483.994796
4842, 484.094795
4843, 484.194794
4844, 484.294787
4845, 484.394782
4846, 484.494790
4847, 484.594781
4848, 484.694777
4849, 484.794777
4850, 484.894784
4851, 484.994774
4852, 485.094773
4853, 485.194771
4854, 485.294770
4855, 485.394774
4856, 485.494769
4857, 485.594767
4858, 485.694771
4859, 485.794776
4860, 485.894766
4861, 485.994770
4862, 486.094761
4863, 486.194760
4864, 486.294768
4865, 486.394757
4866, 486.494746
4867, 486.594755
4868, 486.694764
4869, 486.794753
4870, 486.894752
4871, 486.994761
4872, 487.094766
4873, 487.194748
4874, 487.294747
4875, 487.394751
4876, 487.494744
4877, 487.594744
4878, 487.694752
4879, 487.794752
4880, 487.894750
4881, 487.994748
4882, 488.094738
4883, 488.194745
4884, 488.294744
4885, 488.394734
4886, 488.494733
4887, 488.594731
4888, 488.694730
4889, 488.794730
4890, 488.894729
4891, 488.994737
4892, 489.094726
4893, 489.194724
4894, 489.294732
4895, 489.394722
4896, 489.494720
4897, 489.594720
4898, 489.694728
4899, 489.794727
4900, 489.894716
4901, 489.994707
4902, 490.094714
4903, 490.194714
4904, 490.294711
4905, 490.394728
4906, 490.494719
4907, 490.594708
4908, 490.694708
4909, 490.794706
4910, 490.894705
4911, 490.994713
4912, 491.094711
4913, 491.194711
4914, 491.294711
4915, 491.394703
4916, 491.494708
4917, 491.594697
4918, 491.694706
4919, 491.794704
4920, 491.894692
4921, 491.994693
4922, 492.094690
4923, 492.194689
4924, 492.294687
4925, 492.394697
4926, 492.494695
4927, 492.594684
4928, 492.694682
4929, 492.794684
4930, 492.894681
4931, 492.994680
4932, 493.094678
4933, 493.194677
4934, 493.294676
4935, 493.394675
4936, 493.494673
4937, 493.594681
4938, 493.694681
4939, 493.794671
4940, 493.894669
4941, 493.994679
4942, 494.094676
4943, 494.194675
4944, 494.294673
4945, 494.394668
4946, 494.494668
4947, 494.594660
4948, 494.694668
4949, 494.794659
4950, 494.894657
4951, 494.994711
4952, 495.094655
4953, 495.194654
4954, 495.294652
4955, 495.394651
4956, 495.494660
4957, 495.594659
4958, 495.694648
4959, 495.794664
4960, 495.894656
4961, 495.994654
4962, 496.094643
4963, 496.194642
4964, 496.294652
4965, 496.394638
4966, 496.494642
4967, 496.594647
4968, 496.694635
4969, 496.794635
4970, 496.894642
4971, 496.994632
4972, 497.094632
4973, 497.194640
4974, 497.294638
4975, 497.394638
4976, 497.494626
4977, 497.594625
4978, 497.694634
4979, 497.794632
4980, 497.894619
4981, 497.994629
4982, 498.094629
4983, 498.194618
4984, 498.294617
4985, 498.394626
4986, 498.494625
4987, 498.594613
4988, 498.694612
4989, 498.794622
4990, 498.894618
4991, 498.994608
4992, 499.094625
4993, 499.194616
4994, 499.294605
4995, 499.394604
4996, 499.494610
4997, 499.594610
4998, 499.694600
4999, 499.794598
5000, 499.894603
